c13	2013	11	5	0	0	0
c13	2013	11	5	0	5	0
c13	2013	11	5	0	10	0
c13	2013	11	5	0	15	0
c13	2013	11	5	0	20	0
c13	2013	11	5	0	25	0
c13	2013	11	5	0	30	0
c13	2013	11	5	0	35	0
c13	2013	11	5	0	40	0
c13	2013	11	5	0	45	0
c13	2013	11	5	0	50	0
c13	2013	11	5	0	55	0
c13	2013	11	5	1	0	0
c13	2013	11	5	1	5	0
c13	2013	11	5	1	10	0
c13	2013	11	5	1	15	0
c13	2013	11	5	1	20	0
c13	2013	11	5	1	25	0
c13	2013	11	5	1	30	0
c13	2013	11	5	1	35	0
c13	2013	11	5	1	40	0
c13	2013	11	5	1	45	0
c13	2013	11	5	1	50	0
c13	2013	11	5	1	55	0
c13	2013	11	5	2	0	0
c13	2013	11	5	2	5	0
c13	2013	11	5	2	10	0
c13	2013	11	5	2	15	0
c13	2013	11	5	2	20	0
c13	2013	11	5	2	25	0
c13	2013	11	5	2	30	0
c13	2013	11	5	2	35	0
c13	2013	11	5	2	40	0
c13	2013	11	5	2	45	0
c13	2013	11	5	2	50	0
c13	2013	11	5	2	55	0
c13	2013	11	5	3	0	0
c13	2013	11	5	3	5	0
c13	2013	11	5	3	10	0
c13	2013	11	5	3	15	0
c13	2013	11	5	3	20	0
c13	2013	11	5	3	25	0
c13	2013	11	5	3	30	0
c13	2013	11	5	3	35	0
c13	2013	11	5	3	40	0
c13	2013	11	5	3	45	0
c13	2013	11	5	3	50	0
c13	2013	11	5	3	55	0
c13	2013	11	5	4	0	0
c13	2013	11	5	4	5	0
c13	2013	11	5	4	10	0
c13	2013	11	5	4	15	0
c13	2013	11	5	4	20	0
c13	2013	11	5	4	25	0
c13	2013	11	5	4	30	0
c13	2013	11	5	4	35	0
c13	2013	11	5	4	40	0
c13	2013	11	5	4	45	0
c13	2013	11	5	4	50	0
c13	2013	11	5	4	55	0
c13	2013	11	5	5	0	0
c13	2013	11	5	5	5	0
c13	2013	11	5	5	10	0
c13	2013	11	5	5	15	0
c13	2013	11	5	5	20	0
c13	2013	11	5	5	25	0
c13	2013	11	5	5	30	0
c13	2013	11	5	5	35	0
c13	2013	11	5	5	40	0
c13	2013	11	5	5	45	0
c13	2013	11	5	5	50	0
c13	2013	11	5	5	55	0
c13	2013	11	5	6	0	0
c13	2013	11	5	6	5	0
c13	2013	11	5	6	10	0
c13	2013	11	5	6	15	0
c13	2013	11	5	6	20	0
c13	2013	11	5	6	25	0
c13	2013	11	5	6	30	0
c13	2013	11	5	6	35	0
c13	2013	11	5	6	40	0
c13	2013	11	5	6	45	0
c13	2013	11	5	6	50	0
c13	2013	11	5	6	55	0
c13	2013	11	5	7	0	0
c13	2013	11	5	7	5	0
c13	2013	11	5	7	10	0
c13	2013	11	5	7	15	0
c13	2013	11	5	7	20	0
c13	2013	11	5	7	25	0
c13	2013	11	5	7	30	0
c13	2013	11	5	7	35	0
c13	2013	11	5	7	40	0
c13	2013	11	5	7	45	0
c13	2013	11	5	7	50	0
c13	2013	11	5	7	55	0
c13	2013	11	5	8	0	0
c13	2013	11	5	8	5	0
c13	2013	11	5	8	10	0
c13	2013	11	5	8	15	0
c13	2013	11	5	8	20	0
c13	2013	11	5	8	25	0
c13	2013	11	5	8	30	0
c13	2013	11	5	8	35	0
c13	2013	11	5	8	40	0
c13	2013	11	5	8	45	0
c13	2013	11	5	8	50	0
c13	2013	11	5	8	55	0
c13	2013	11	5	9	0	0
c13	2013	11	5	9	5	0
c13	2013	11	5	9	10	0
c13	2013	11	5	9	15	0
c13	2013	11	5	9	20	0
c13	2013	11	5	9	25	0
c13	2013	11	5	9	30	0
c13	2013	11	5	9	35	0
c13	2013	11	5	9	40	0
c13	2013	11	5	9	45	0
c13	2013	11	5	9	50	0
c13	2013	11	5	9	55	0
c13	2013	11	5	10	0	0
c13	2013	11	5	10	5	0
c13	2013	11	5	10	10	0
c13	2013	11	5	10	15	0
c13	2013	11	5	10	20	0
c13	2013	11	5	10	25	0
c13	2013	11	5	10	30	0
c13	2013	11	5	10	35	0
c13	2013	11	5	10	40	0
c13	2013	11	5	10	45	0
c13	2013	11	5	10	50	0
c13	2013	11	5	10	55	0
c13	2013	11	5	11	0	0
c13	2013	11	5	11	5	0
c13	2013	11	5	11	10	0
c13	2013	11	5	11	15	0
c13	2013	11	5	11	20	0
c13	2013	11	5	11	25	0
c13	2013	11	5	11	30	0
c13	2013	11	5	11	35	0
c13	2013	11	5	11	40	0
c13	2013	11	5	11	45	0
c13	2013	11	5	11	50	0
c13	2013	11	5	11	55	0
c13	2013	11	5	12	0	0
c13	2013	11	5	12	5	0
c13	2013	11	5	12	10	0
c13	2013	11	5	12	15	0
c13	2013	11	5	12	20	0.005293
c13	2013	11	5	12	25	0.004739
c13	2013	11	5	12	30	0
c13	2013	11	5	12	35	0.01534
c13	2013	11	5	12	40	0.010032
c13	2013	11	5	12	45	0.194707
c13	2013	11	5	12	50	0.020079
c13	2013	11	5	12	55	0.179921
c13	2013	11	5	13	0	0.01534
c13	2013	11	5	13	5	0.2
c13	2013	11	5	13	10	0.174628
c13	2013	11	5	13	15	0.189968
c13	2013	11	5	13	20	0.174628
c13	2013	11	5	13	25	0.174628
c13	2013	11	5	13	30	0
c13	2013	11	5	13	35	0
c13	2013	11	5	13	40	0
c13	2013	11	5	13	45	0
c13	2013	11	5	13	50	0
c13	2013	11	5	13	55	0.174628
c13	2013	11	5	14	0	0
c13	2013	11	5	14	5	0.349256
c13	2013	11	5	14	10	0
c13	2013	11	5	14	15	0
c13	2013	11	5	14	20	0
c13	2013	11	5	14	25	0
c13	2013	11	5	14	30	0
c13	2013	11	5	14	35	0.174628
c13	2013	11	5	14	40	0
c13	2013	11	5	14	45	0
c13	2013	11	5	14	50	0
c13	2013	11	5	14	55	0
c13	2013	11	5	15	0	0
c13	2013	11	5	15	5	0
c13	2013	11	5	15	10	0
c13	2013	11	5	15	15	0
c13	2013	11	5	15	20	0
c13	2013	11	5	15	25	0
c13	2013	11	5	15	30	0
c13	2013	11	5	15	35	0
c13	2013	11	5	15	40	0
c13	2013	11	5	15	45	0
c13	2013	11	5	15	50	0
c13	2013	11	5	15	55	0
c13	2013	11	5	16	0	0
c13	2013	11	5	16	5	0
c13	2013	11	5	16	10	0
c13	2013	11	5	16	15	0
c13	2013	11	5	16	20	0
c13	2013	11	5	16	25	0
c13	2013	11	5	16	30	0
c13	2013	11	5	16	35	0
c13	2013	11	5	16	40	0
c13	2013	11	5	16	45	0
c13	2013	11	5	16	50	0
c13	2013	11	5	16	55	0
c13	2013	11	5	17	0	0.174628
c13	2013	11	5	17	5	0.004739
c13	2013	11	5	17	10	0.01534
c13	2013	11	5	17	15	0.529177
c13	2013	11	5	17	20	0.349256
c13	2013	11	5	17	25	0.174628
c13	2013	11	5	17	30	0.174628
c13	2013	11	5	17	35	0.174628
c13	2013	11	5	17	40	0.174628
c13	2013	11	5	17	45	0
c13	2013	11	5	17	50	0
c13	2013	11	5	17	55	0
c13	2013	11	5	18	0	0
c13	2013	11	5	18	5	0
c13	2013	11	5	18	10	0
c13	2013	11	5	18	15	0
c13	2013	11	5	18	20	0
c13	2013	11	5	18	25	0
c13	2013	11	5	18	30	0
c13	2013	11	5	18	35	0
c13	2013	11	5	18	40	0.010032
c13	2013	11	5	18	45	0.015326
c13	2013	11	5	18	50	0.010032
c13	2013	11	5	18	55	0.179921
c13	2013	11	5	19	0	0.359288
c13	2013	11	5	19	5	0.230666
c13	2013	11	5	19	10	0.221159
c13	2013	11	5	19	15	0.045991
c13	2013	11	5	19	20	0.225372
c13	2013	11	5	19	25	0.066084
c13	2013	11	5	19	30	0.040143
c13	2013	11	5	19	35	0.045437
c13	2013	11	5	19	40	0.569334
c13	2013	11	5	19	45	0.060791
c13	2013	11	5	19	50	0.395261
c13	2013	11	5	19	55	0.23068
c13	2013	11	5	20	0	0.035405
c13	2013	11	5	20	5	0.205293
c13	2013	11	5	20	10	0.220633
c13	2013	11	5	20	15	0.220633
c13	2013	11	5	20	20	0.210601
c13	2013	11	5	20	25	0.045451
c13	2013	11	5	20	30	0.040712
c13	2013	11	5	20	35	0.21534
c13	2013	11	5	20	40	0.030111
c13	2013	11	5	20	45	0.066084
c13	2013	11	5	20	50	0
c13	2013	11	5	20	55	0.030666
c13	2013	11	5	21	0	0.359288
c13	2013	11	5	21	5	0.020633
c13	2013	11	5	21	10	0.010032
c13	2013	11	5	21	15	0
c13	2013	11	5	21	20	0.025372
c13	2013	11	5	21	25	0
c13	2013	11	5	21	30	0
c13	2013	11	5	21	35	0
c13	2013	11	5	21	40	0.174628
c13	2013	11	5	21	45	0
c13	2013	11	5	21	50	0
c13	2013	11	5	21	55	0.005293
c13	2013	11	5	22	0	0
c13	2013	11	5	22	5	0
c13	2013	11	5	22	10	0
c13	2013	11	5	22	15	0
c13	2013	11	5	22	20	0
c13	2013	11	5	22	25	0
c13	2013	11	5	22	30	0
c13	2013	11	5	22	35	0
c13	2013	11	5	22	40	0
c13	2013	11	5	22	45	0
c13	2013	11	5	22	50	0.004739
c13	2013	11	5	22	55	0
c13	2013	11	5	23	0	0
c13	2013	11	5	23	5	0
c13	2013	11	5	23	10	0
c13	2013	11	5	23	15	0
c13	2013	11	5	23	20	0
c13	2013	11	5	23	25	0
c13	2013	11	5	23	30	0
c13	2013	11	5	23	35	0
c13	2013	11	5	23	40	0
c13	2013	11	5	23	45	0
c13	2013	11	5	23	50	0
c13	2013	11	5	23	55	0
c13	2013	11	6	0	0	0
c13	2013	11	6	0	5	0
c13	2013	11	6	0	10	0
c13	2013	11	6	0	15	0
c13	2013	11	6	0	20	0
c13	2013	11	6	0	25	0
c13	2013	11	6	0	30	0
c13	2013	11	6	0	35	0
c13	2013	11	6	0	40	0
c13	2013	11	6	0	45	0
c13	2013	11	6	0	50	0
c13	2013	11	6	0	55	0
c13	2013	11	6	1	0	0
c13	2013	11	6	1	5	0
c13	2013	11	6	1	10	0
c13	2013	11	6	1	15	0
c13	2013	11	6	1	20	0
c13	2013	11	6	1	25	0
c13	2013	11	6	1	30	0
c13	2013	11	6	1	35	0
c13	2013	11	6	1	40	0
c13	2013	11	6	1	45	0
c13	2013	11	6	1	50	0
c13	2013	11	6	1	55	0
c13	2013	11	6	2	0	0
c13	2013	11	6	2	5	0
c13	2013	11	6	2	10	0
c13	2013	11	6	2	15	0
c13	2013	11	6	2	20	0
c13	2013	11	6	2	25	0
c13	2013	11	6	2	30	0
c13	2013	11	6	2	35	0
c13	2013	11	6	2	40	0
c13	2013	11	6	2	45	0
c13	2013	11	6	2	50	0
c13	2013	11	6	2	55	0
c13	2013	11	6	3	0	0
c13	2013	11	6	3	5	0
c13	2013	11	6	3	10	0
c13	2013	11	6	3	15	0
c13	2013	11	6	3	20	0
c13	2013	11	6	3	25	0
c13	2013	11	6	3	30	0
c13	2013	11	6	3	35	0
c13	2013	11	6	3	40	0
c13	2013	11	6	3	45	0
c13	2013	11	6	3	50	0
c13	2013	11	6	3	55	0
c13	2013	11	6	4	0	0
c13	2013	11	6	4	5	0
c13	2013	11	6	4	10	0
c13	2013	11	6	4	15	0
c13	2013	11	6	4	20	0
c13	2013	11	6	4	25	0
c13	2013	11	6	4	30	0
c13	2013	11	6	4	35	0
c13	2013	11	6	4	40	0
c13	2013	11	6	4	45	0
c13	2013	11	6	4	50	0
c13	2013	11	6	4	55	0
c13	2013	11	6	5	0	0
c13	2013	11	6	5	5	0
c13	2013	11	6	5	10	0
c13	2013	11	6	5	15	0
c13	2013	11	6	5	20	0
c13	2013	11	6	5	25	0
c13	2013	11	6	5	30	0
c13	2013	11	6	5	35	0
c13	2013	11	6	5	40	0.010032
c13	2013	11	6	5	45	0.189968
c13	2013	11	6	5	50	0
c13	2013	11	6	5	55	0.205308
c13	2013	11	6	6	0	0
c13	2013	11	6	6	5	0
c13	2013	11	6	6	10	0.005293
c13	2013	11	6	6	15	0
c13	2013	11	6	6	20	0
c13	2013	11	6	6	25	0
c13	2013	11	6	6	30	0.189968
c13	2013	11	6	6	35	0
c13	2013	11	6	6	40	0.010032
c13	2013	11	6	6	45	0
c13	2013	11	6	6	50	0.174628
c13	2013	11	6	6	55	0
c13	2013	11	6	7	0	0.025372
c13	2013	11	6	7	5	0
c13	2013	11	6	7	10	0.174628
c13	2013	11	6	7	15	0
c13	2013	11	6	7	20	0.005293
c13	2013	11	6	7	25	0.004739
c13	2013	11	6	7	30	0.189968
c13	2013	11	6	7	35	0
c13	2013	11	6	7	40	0
c13	2013	11	6	7	45	0
c13	2013	11	6	7	50	0
c13	2013	11	6	7	55	0
c13	2013	11	6	8	0	0
c13	2013	11	6	8	5	0
c13	2013	11	6	8	10	0
c13	2013	11	6	8	15	0
c13	2013	11	6	8	20	0
c13	2013	11	6	8	25	0
c13	2013	11	6	8	30	0
c13	2013	11	6	8	35	0
c13	2013	11	6	8	40	0
c13	2013	11	6	8	45	0
c13	2013	11	6	8	50	0
c13	2013	11	6	8	55	0
c13	2013	11	6	9	0	0
c13	2013	11	6	9	5	0
c13	2013	11	6	9	10	0
c13	2013	11	6	9	15	0
c13	2013	11	6	9	20	0
c13	2013	11	6	9	25	0
c13	2013	11	6	9	30	0
c13	2013	11	6	9	35	0
c13	2013	11	6	9	40	0
c13	2013	11	6	9	45	0
c13	2013	11	6	9	50	0.174628
c13	2013	11	6	9	55	0
c13	2013	11	6	10	0	0
c13	2013	11	6	10	5	0
c13	2013	11	6	10	10	0
c13	2013	11	6	10	15	0
c13	2013	11	6	10	20	0.020633
c13	2013	11	6	10	25	0
c13	2013	11	6	10	30	0.004739
c13	2013	11	6	10	35	0
c13	2013	11	6	10	40	0
c13	2013	11	6	10	45	0
c13	2013	11	6	10	50	0.004739
c13	2013	11	6	10	55	0.005293
c13	2013	11	6	11	0	0.210047
c13	2013	11	6	11	5	0
c13	2013	11	6	11	10	0.020633
c13	2013	11	6	11	15	0.179367
c13	2013	11	6	11	20	0.025358
c13	2013	11	6	11	25	0.549256
c13	2013	11	6	11	30	0.205293
c13	2013	11	6	11	35	0.030111
c13	2013	11	6	11	40	0.23068
c13	2013	11	6	11	45	0.359288
c13	2013	11	6	11	50	0.035405
c13	2013	11	6	11	55	0.549256
c13	2013	11	6	12	0	0.03068
c13	2013	11	6	12	5	0.204739
c13	2013	11	6	12	10	0.220633
c13	2013	11	6	12	15	0.010032
c13	2013	11	6	12	20	0.2
c13	2013	11	6	12	25	0.194692
c13	2013	11	6	12	30	0.210032
c13	2013	11	6	12	35	0.389953
c13	2013	11	6	12	40	0.050744
c13	2013	11	6	12	45	0.389968
c13	2013	11	6	12	50	0.210032
c13	2013	11	6	12	55	0.364581
c13	2013	11	6	13	0	0.035419
c13	2013	11	6	13	5	0.559288
c13	2013	11	6	13	10	0.205293
c13	2013	11	6	13	15	0.235419
c13	2013	11	6	13	20	0.56932
c13	2013	11	6	13	25	0.399986
c13	2013	11	6	13	30	0.414771
c13	2013	11	6	13	35	0.610601
c13	2013	11	6	13	40	0.574628
c13	2013	11	6	13	45	0.739223
c13	2013	11	6	13	50	0.415894
c13	2013	11	6	13	55	0.559302
c13	2013	11	6	14	0	0.385229
c13	2013	11	6	14	5	0.379367
c13	2013	11	6	14	10	0.559288
c13	2013	11	6	14	15	0.404739
c13	2013	11	6	14	20	0.574628
c13	2013	11	6	14	25	0.395247
c13	2013	11	6	14	30	0.420648
c13	2013	11	6	14	35	0.579935
c13	2013	11	6	14	40	0.410601
c13	2013	11	6	14	45	0.543962
c13	2013	11	6	14	50	0.389968
c13	2013	11	6	14	55	0.2
c13	2013	11	6	15	0	0.2
c13	2013	11	6	15	5	0.359288
c13	2013	11	6	15	10	0.21534
c13	2013	11	6	15	15	0.374628
c13	2013	11	6	15	20	0.220079
c13	2013	11	6	15	25	0.210587
c13	2013	11	6	15	30	0.594707
c13	2013	11	6	15	35	0.405293
c13	2013	11	6	15	40	0.21534
c13	2013	11	6	15	45	0.4
c13	2013	11	6	15	50	0.389953
c13	2013	11	6	15	55	0.549256
c13	2013	11	6	16	0	0.589968
c13	2013	11	6	16	5	0.41534
c13	2013	11	6	16	10	0.374628
c13	2013	11	6	16	15	0.585229
c13	2013	11	6	16	20	0.225372
c13	2013	11	6	16	25	0.559288
c13	2013	11	6	16	30	0.204739
c13	2013	11	6	16	35	0.384091
c13	2013	11	6	16	40	0.240698
c13	2013	11	6	16	45	0.8
c13	2013	11	6	16	50	0.435973
c13	2013	11	6	16	55	0.43068
c13	2013	11	6	17	0	0.990536
c13	2013	11	6	17	5	1.369917
c13	2013	11	6	17	10	0.99583
c13	2013	11	6	17	15	1.278447
c13	2013	11	6	17	20	0.959871
c13	2013	11	6	17	25	0.774642
c13	2013	11	6	17	30	0.4
c13	2013	11	6	17	35	0.240712
c13	2013	11	6	17	40	0.739223
c13	2013	11	6	17	45	0.559857
c13	2013	11	6	17	50	0.225386
c13	2013	11	6	17	55	0.354549
c13	2013	11	6	18	0	0.020079
c13	2013	11	6	18	5	0.199431
c13	2013	11	6	18	10	0.240129
c13	2013	11	6	18	15	0.05073
c13	2013	11	6	18	20	0.256038
c13	2013	11	6	18	25	1.010615
c13	2013	11	6	18	30	0.739223
c13	2013	11	6	18	35	0.235419
c13	2013	11	6	18	40	0.759857
c13	2013	11	6	18	45	0.595275
c13	2013	11	6	18	50	0.739223
c13	2013	11	6	18	55	0.405308
c13	2013	11	6	19	0	0.21534
c13	2013	11	6	19	5	0.2
c13	2013	11	6	19	10	0.014771
c13	2013	11	6	19	15	0.220065
c13	2013	11	6	19	20	0.194692
c13	2013	11	6	19	25	0.205293
c13	2013	11	6	19	30	0.241281
c13	2013	11	6	19	35	0.364595
c13	2013	11	6	19	40	0.569903
c13	2013	11	6	19	45	0.364595
c13	2013	11	6	19	50	0.010032
c13	2013	11	6	19	55	0.174628
c13	2013	11	6	20	0	0.01534
c13	2013	11	6	20	5	0
c13	2013	11	6	20	10	0.174628
c13	2013	11	6	20	15	0.004739
c13	2013	11	6	20	20	0.005293
c13	2013	11	6	20	25	0
c13	2013	11	6	20	30	0
c13	2013	11	6	20	35	0
c13	2013	11	6	20	40	0
c13	2013	11	6	20	45	0
c13	2013	11	6	20	50	0
c13	2013	11	6	20	55	0.174628
c13	2013	11	6	21	0	0.01534
c13	2013	11	6	21	5	0
c13	2013	11	6	21	10	0
c13	2013	11	6	21	15	0
c13	2013	11	6	21	20	0
c13	2013	11	6	21	25	0
c13	2013	11	6	21	30	0
c13	2013	11	6	21	35	0.174628
c13	2013	11	6	21	40	0
c13	2013	11	6	21	45	0
c13	2013	11	6	21	50	0
c13	2013	11	6	21	55	0
c13	2013	11	6	22	0	0
c13	2013	11	6	22	5	0
c13	2013	11	6	22	10	0
c13	2013	11	6	22	15	0
c13	2013	11	6	22	20	0
c13	2013	11	6	22	25	0
c13	2013	11	6	22	30	0
c13	2013	11	6	22	35	0
c13	2013	11	6	22	40	0
c13	2013	11	6	22	45	0
c13	2013	11	6	22	50	0
c13	2013	11	6	22	55	0
c13	2013	11	6	23	0	0
c13	2013	11	6	23	5	0
c13	2013	11	6	23	10	0.004739
c13	2013	11	6	23	15	0.020065
c13	2013	11	6	23	20	0.004739
c13	2013	11	6	23	25	0.005293
c13	2013	11	6	23	30	0.010032
c13	2013	11	6	23	35	0.005293
c13	2013	11	6	23	40	0.364595
c13	2013	11	6	23	45	0.554563
c13	2013	11	6	23	50	0.189968
c13	2013	11	6	23	55	0.194707
c13	2013	11	7	0	0	0.179921
c13	2013	11	7	0	5	0
c13	2013	11	7	0	10	0.005293
c13	2013	11	7	0	15	0
c13	2013	11	7	0	20	0
c13	2013	11	7	0	25	0
c13	2013	11	7	0	30	0
c13	2013	11	7	0	35	0.004739
c13	2013	11	7	0	40	0
c13	2013	11	7	0	45	0.174628
c13	2013	11	7	0	50	0
c13	2013	11	7	0	55	0
c13	2013	11	7	1	0	0
c13	2013	11	7	1	5	0
c13	2013	11	7	1	10	0.005293
c13	2013	11	7	1	15	0
c13	2013	11	7	1	20	0.01534
c13	2013	11	7	1	25	0
c13	2013	11	7	1	30	0
c13	2013	11	7	1	35	0
c13	2013	11	7	1	40	0
c13	2013	11	7	1	45	0
c13	2013	11	7	1	50	0
c13	2013	11	7	1	55	0
c13	2013	11	7	2	0	0
c13	2013	11	7	2	5	0
c13	2013	11	7	2	10	0
c13	2013	11	7	2	15	0
c13	2013	11	7	2	20	0
c13	2013	11	7	2	25	0
c13	2013	11	7	2	30	0
c13	2013	11	7	2	35	0
c13	2013	11	7	2	40	0.179367
c13	2013	11	7	2	45	0
c13	2013	11	7	2	50	0
c13	2013	11	7	2	55	0
c13	2013	11	7	3	0	0
c13	2013	11	7	3	5	0.179921
c13	2013	11	7	3	10	0
c13	2013	11	7	3	15	0
c13	2013	11	7	3	20	0
c13	2013	11	7	3	25	0
c13	2013	11	7	3	30	0
c13	2013	11	7	3	35	0
c13	2013	11	7	3	40	0
c13	2013	11	7	3	45	0
c13	2013	11	7	3	50	0
c13	2013	11	7	3	55	0
c13	2013	11	7	4	0	0
c13	2013	11	7	4	5	0
c13	2013	11	7	4	10	0
c13	2013	11	7	4	15	0.174628
c13	2013	11	7	4	20	0
c13	2013	11	7	4	25	0
c13	2013	11	7	4	30	0
c13	2013	11	7	4	35	0
c13	2013	11	7	4	40	0
c13	2013	11	7	4	45	0
c13	2013	11	7	4	50	0.020079
c13	2013	11	7	4	55	0.005293
c13	2013	11	7	5	0	0.004739
c13	2013	11	7	5	5	0.179921
c13	2013	11	7	5	10	0.189953
c13	2013	11	7	5	15	0.21534
c13	2013	11	7	5	20	0.349256
c13	2013	11	7	5	25	0.025372
c13	2013	11	7	5	30	0.364595
c13	2013	11	7	5	35	0
c13	2013	11	7	5	40	0.010032
c13	2013	11	7	5	45	0.189968
c13	2013	11	7	5	50	0
c13	2013	11	7	5	55	0
c13	2013	11	7	6	0	0
c13	2013	11	7	6	5	0
c13	2013	11	7	6	10	0
c13	2013	11	7	6	15	0
c13	2013	11	7	6	20	0
c13	2013	11	7	6	25	0
c13	2013	11	7	6	30	0
c13	2013	11	7	6	35	0
c13	2013	11	7	6	40	0
c13	2013	11	7	6	45	0
c13	2013	11	7	6	50	0
c13	2013	11	7	6	55	0
c13	2013	11	7	7	0	0
c13	2013	11	7	7	5	0
c13	2013	11	7	7	10	0
c13	2013	11	7	7	15	0
c13	2013	11	7	7	20	0
c13	2013	11	7	7	25	0
c13	2013	11	7	7	30	0
c13	2013	11	7	7	35	0
c13	2013	11	7	7	40	0
c13	2013	11	7	7	45	0
c13	2013	11	7	7	50	0
c13	2013	11	7	7	55	0
c13	2013	11	7	8	0	0
c13	2013	11	7	8	5	0
c13	2013	11	7	8	10	0
c13	2013	11	7	8	15	0
c13	2013	11	7	8	20	0
c13	2013	11	7	8	25	0
c13	2013	11	7	8	30	0
c13	2013	11	7	8	35	0
c13	2013	11	7	8	40	0
c13	2013	11	7	8	45	0
c13	2013	11	7	8	50	0
c13	2013	11	7	8	55	0
c13	2013	11	7	9	0	0
c13	2013	11	7	9	5	0
c13	2013	11	7	9	10	0
c13	2013	11	7	9	15	0
c13	2013	11	7	9	20	0
c13	2013	11	7	9	25	0
c13	2013	11	7	9	30	0
c13	2013	11	7	9	35	0
c13	2013	11	7	9	40	0
c13	2013	11	7	9	45	0
c13	2013	11	7	9	50	0
c13	2013	11	7	9	55	0
c13	2013	11	7	10	0	0
c13	2013	11	7	10	5	0
c13	2013	11	7	10	10	0
c13	2013	11	7	10	15	0
c13	2013	11	7	10	20	0
c13	2013	11	7	10	25	0
c13	2013	11	7	10	30	0
c13	2013	11	7	10	35	0
c13	2013	11	7	10	40	0
c13	2013	11	7	10	45	0
c13	2013	11	7	10	50	0
c13	2013	11	7	10	55	0
c13	2013	11	7	11	0	0
c13	2013	11	7	11	5	0
c13	2013	11	7	11	10	0
c13	2013	11	7	11	15	0
c13	2013	11	7	11	20	0
c13	2013	11	7	11	25	0
c13	2013	11	7	11	30	0
c13	2013	11	7	11	35	0
c13	2013	11	7	11	40	0
c13	2013	11	7	11	45	0
c13	2013	11	7	11	50	0
c13	2013	11	7	11	55	0
c13	2013	11	7	12	0	0
c13	2013	11	7	12	5	0
c13	2013	11	7	12	10	0
c13	2013	11	7	12	15	0
c13	2013	11	7	12	20	0
c13	2013	11	7	12	25	0
c13	2013	11	7	12	30	0
c13	2013	11	7	12	35	0
c13	2013	11	7	12	40	0
c13	2013	11	7	12	45	0
c13	2013	11	7	12	50	0
c13	2013	11	7	12	55	0
c13	2013	11	7	13	0	0
c13	2013	11	7	13	5	0
c13	2013	11	7	13	10	0
c13	2013	11	7	13	15	0
c13	2013	11	7	13	20	0
c13	2013	11	7	13	25	0
c13	2013	11	7	13	30	0
c13	2013	11	7	13	35	0
c13	2013	11	7	13	40	0
c13	2013	11	7	13	45	0
c13	2013	11	7	13	50	0
c13	2013	11	7	13	55	0
c13	2013	11	7	14	0	0
c13	2013	11	7	14	5	0
c13	2013	11	7	14	10	0
c13	2013	11	7	14	15	0
c13	2013	11	7	14	20	0
c13	2013	11	7	14	25	0
c13	2013	11	7	14	30	0
c13	2013	11	7	14	35	0
c13	2013	11	7	14	40	0
c13	2013	11	7	14	45	0
c13	2013	11	7	14	50	0
c13	2013	11	7	14	55	0
c13	2013	11	7	15	0	0
c13	2013	11	7	15	5	0
c13	2013	11	7	15	10	0
c13	2013	11	7	15	15	0
c13	2013	11	7	15	20	0
c13	2013	11	7	15	25	0
c13	2013	11	7	15	30	0
c13	2013	11	7	15	35	0
c13	2013	11	7	15	40	0
c13	2013	11	7	15	45	0
c13	2013	11	7	15	50	0
c13	2013	11	7	15	55	0
c13	2013	11	7	16	0	0
c13	2013	11	7	16	5	0
c13	2013	11	7	16	10	0
c13	2013	11	7	16	15	0
c13	2013	11	7	16	20	0
c13	2013	11	7	16	25	0
c13	2013	11	7	16	30	0
c13	2013	11	7	16	35	0
c13	2013	11	7	16	40	0
c13	2013	11	7	16	45	0
c13	2013	11	7	16	50	0
c13	2013	11	7	16	55	0
c13	2013	11	7	17	0	0
c13	2013	11	7	17	5	0
c13	2013	11	7	17	10	0
c13	2013	11	7	17	15	0
c13	2013	11	7	17	20	0
c13	2013	11	7	17	25	0
c13	2013	11	7	17	30	0
c13	2013	11	7	17	35	0
c13	2013	11	7	17	40	0
c13	2013	11	7	17	45	0
c13	2013	11	7	17	50	0
c13	2013	11	7	17	55	0
c13	2013	11	7	18	0	0
c13	2013	11	7	18	5	0
c13	2013	11	7	18	10	0
c13	2013	11	7	18	15	0
c13	2013	11	7	18	20	0
c13	2013	11	7	18	25	0
c13	2013	11	7	18	30	0
c13	2013	11	7	18	35	0
c13	2013	11	7	18	40	0
c13	2013	11	7	18	45	0
c13	2013	11	7	18	50	0
c13	2013	11	7	18	55	0
c13	2013	11	7	19	0	0
c13	2013	11	7	19	5	0
c13	2013	11	7	19	10	0
c13	2013	11	7	19	15	0
c13	2013	11	7	19	20	0
c13	2013	11	7	19	25	0
c13	2013	11	7	19	30	0
c13	2013	11	7	19	35	0
c13	2013	11	7	19	40	0
c13	2013	11	7	19	45	0
c13	2013	11	7	19	50	0
c13	2013	11	7	19	55	0
c13	2013	11	7	20	0	0
c13	2013	11	7	20	5	0
c13	2013	11	7	20	10	0
c13	2013	11	7	20	15	0
c13	2013	11	7	20	20	0
c13	2013	11	7	20	25	0
c13	2013	11	7	20	30	0
c13	2013	11	7	20	35	0
c13	2013	11	7	20	40	0
c13	2013	11	7	20	45	0
c13	2013	11	7	20	50	0
c13	2013	11	7	20	55	0
c13	2013	11	7	21	0	0
c13	2013	11	7	21	5	0
c13	2013	11	7	21	10	0
c13	2013	11	7	21	15	0
c13	2013	11	7	21	20	0
c13	2013	11	7	21	25	0
c13	2013	11	7	21	30	0
c13	2013	11	7	21	35	0
c13	2013	11	7	21	40	0
c13	2013	11	7	21	45	0
c13	2013	11	7	21	50	0
c13	2013	11	7	21	55	0
c13	2013	11	7	22	0	0
c13	2013	11	7	22	5	0
c13	2013	11	7	22	10	0
c13	2013	11	7	22	15	0
c13	2013	11	7	22	20	0
c13	2013	11	7	22	25	0
c13	2013	11	7	22	30	0
c13	2013	11	7	22	35	0
c13	2013	11	7	22	40	0
c13	2013	11	7	22	45	0
c13	2013	11	7	22	50	0
c13	2013	11	7	22	55	0
c13	2013	11	7	23	0	0
c13	2013	11	7	23	5	0
c13	2013	11	7	23	10	0
c13	2013	11	7	23	15	0
c13	2013	11	7	23	20	0
c13	2013	11	7	23	25	0
c13	2013	11	7	23	30	0
c13	2013	11	7	23	35	0
c13	2013	11	7	23	40	0
c13	2013	11	7	23	45	0
c13	2013	11	7	23	50	0
c13	2013	11	7	23	55	0
c13	2013	11	8	0	0	0
c13	2013	11	8	0	5	0
c13	2013	11	8	0	10	0
c13	2013	11	8	0	15	0
c13	2013	11	8	0	20	0
c13	2013	11	8	0	25	0
c13	2013	11	8	0	30	0
c13	2013	11	8	0	35	0
c13	2013	11	8	0	40	0
c13	2013	11	8	0	45	0
c13	2013	11	8	0	50	0
c13	2013	11	8	0	55	0
c13	2013	11	8	1	0	0
c13	2013	11	8	1	5	0
c13	2013	11	8	1	10	0
c13	2013	11	8	1	15	0
c13	2013	11	8	1	20	0
c13	2013	11	8	1	25	0
c13	2013	11	8	1	30	0
c13	2013	11	8	1	35	0
c13	2013	11	8	1	40	0
c13	2013	11	8	1	45	0
c13	2013	11	8	1	50	0
c13	2013	11	8	1	55	0
c13	2013	11	8	2	0	0
c13	2013	11	8	2	5	0
c13	2013	11	8	2	10	0
c13	2013	11	8	2	15	0
c13	2013	11	8	2	20	0
c13	2013	11	8	2	25	0
c13	2013	11	8	2	30	0
c13	2013	11	8	2	35	0
c13	2013	11	8	2	40	0
c13	2013	11	8	2	45	0
c13	2013	11	8	2	50	0
c13	2013	11	8	2	55	0
c13	2013	11	8	3	0	0
c13	2013	11	8	3	5	0
c13	2013	11	8	3	10	0
c13	2013	11	8	3	15	0
c13	2013	11	8	3	20	0
c13	2013	11	8	3	25	0
c13	2013	11	8	3	30	0
c13	2013	11	8	3	35	0
c13	2013	11	8	3	40	0
c13	2013	11	8	3	45	0
c13	2013	11	8	3	50	0
c13	2013	11	8	3	55	0
c13	2013	11	8	4	0	0
c13	2013	11	8	4	5	0
c13	2013	11	8	4	10	0
c13	2013	11	8	4	15	0
c13	2013	11	8	4	20	0
c13	2013	11	8	4	25	0
c13	2013	11	8	4	30	0
c13	2013	11	8	4	35	0
c13	2013	11	8	4	40	0
c13	2013	11	8	4	45	0
c13	2013	11	8	4	50	0
c13	2013	11	8	4	55	0
c13	2013	11	8	5	0	0
c13	2013	11	8	5	5	0
c13	2013	11	8	5	10	0
c13	2013	11	8	5	15	0
c13	2013	11	8	5	20	0
c13	2013	11	8	5	25	0
c13	2013	11	8	5	30	0
c13	2013	11	8	5	35	0
c13	2013	11	8	5	40	0
c13	2013	11	8	5	45	0
c13	2013	11	8	5	50	0
c13	2013	11	8	5	55	0
c13	2013	11	8	6	0	0
c13	2013	11	8	6	5	0
c13	2013	11	8	6	10	0
c13	2013	11	8	6	15	0
c13	2013	11	8	6	20	0
c13	2013	11	8	6	25	0
c13	2013	11	8	6	30	0
c13	2013	11	8	6	35	0
c13	2013	11	8	6	40	0
c13	2013	11	8	6	45	0
c13	2013	11	8	6	50	0
c13	2013	11	8	6	55	0
c13	2013	11	8	7	0	0
c13	2013	11	8	7	5	0
c13	2013	11	8	7	10	0
c13	2013	11	8	7	15	0
c13	2013	11	8	7	20	0
c13	2013	11	8	7	25	0
c13	2013	11	8	7	30	0
c13	2013	11	8	7	35	0
c13	2013	11	8	7	40	0
c13	2013	11	8	7	45	0
c13	2013	11	8	7	50	0
c13	2013	11	8	7	55	0
c13	2013	11	8	8	0	0
c13	2013	11	8	8	5	0
c13	2013	11	8	8	10	0
c13	2013	11	8	8	15	0
c13	2013	11	8	8	20	0
c13	2013	11	8	8	25	0
c13	2013	11	8	8	30	0
c13	2013	11	8	8	35	0
c13	2013	11	8	8	40	0
c13	2013	11	8	8	45	0
c13	2013	11	8	8	50	0
c13	2013	11	8	8	55	0
c13	2013	11	8	9	0	0
c13	2013	11	8	9	5	0
c13	2013	11	8	9	10	0
c13	2013	11	8	9	15	0
c13	2013	11	8	9	20	0
c13	2013	11	8	9	25	0
c13	2013	11	8	9	30	0
c13	2013	11	8	9	35	0
c13	2013	11	8	9	40	0
c13	2013	11	8	9	45	0
c13	2013	11	8	9	50	0
c13	2013	11	8	9	55	0
c13	2013	11	8	10	0	0
c13	2013	11	8	10	5	0
c13	2013	11	8	10	10	0
c13	2013	11	8	10	15	0
c13	2013	11	8	10	20	0
c13	2013	11	8	10	25	0
c13	2013	11	8	10	30	0
c13	2013	11	8	10	35	0
c13	2013	11	8	10	40	0
c13	2013	11	8	10	45	0
c13	2013	11	8	10	50	0
c13	2013	11	8	10	55	0
c13	2013	11	8	11	0	0
c13	2013	11	8	11	5	0
c13	2013	11	8	11	10	0
c13	2013	11	8	11	15	0
c13	2013	11	8	11	20	0
c13	2013	11	8	11	25	0
c13	2013	11	8	11	30	0
c13	2013	11	8	11	35	0
c13	2013	11	8	11	40	0
c13	2013	11	8	11	45	0
c13	2013	11	8	11	50	0
c13	2013	11	8	11	55	0
c13	2013	11	8	12	0	0
c13	2013	11	8	12	5	0
c13	2013	11	8	12	10	0
c13	2013	11	8	12	15	0
c13	2013	11	8	12	20	0
c13	2013	11	8	12	25	0
c13	2013	11	8	12	30	0
c13	2013	11	8	12	35	0
c13	2013	11	8	12	40	0
c13	2013	11	8	12	45	0
c13	2013	11	8	12	50	0
c13	2013	11	8	12	55	0
c13	2013	11	8	13	0	0
c13	2013	11	8	13	5	0
c13	2013	11	8	13	10	0
c13	2013	11	8	13	15	0
c13	2013	11	8	13	20	0
c13	2013	11	8	13	25	0
c13	2013	11	8	13	30	0
c13	2013	11	8	13	35	0
c13	2013	11	8	13	40	0
c13	2013	11	8	13	45	0
c13	2013	11	8	13	50	0
c13	2013	11	8	13	55	0
c13	2013	11	8	14	0	0
c13	2013	11	8	14	5	0
c13	2013	11	8	14	10	0
c13	2013	11	8	14	15	0
c13	2013	11	8	14	20	0
c13	2013	11	8	14	25	0
c13	2013	11	8	14	30	0
c13	2013	11	8	14	35	0
c13	2013	11	8	14	40	0
c13	2013	11	8	14	45	0
c13	2013	11	8	14	50	0
c13	2013	11	8	14	55	0
c13	2013	11	8	15	0	0
c13	2013	11	8	15	5	0
c13	2013	11	8	15	10	0
c13	2013	11	8	15	15	0
c13	2013	11	8	15	20	0
c13	2013	11	8	15	25	0
c13	2013	11	8	15	30	0
c13	2013	11	8	15	35	0
c13	2013	11	8	15	40	0
c13	2013	11	8	15	45	0
c13	2013	11	8	15	50	0
c13	2013	11	8	15	55	0
c13	2013	11	8	16	0	0
c13	2013	11	8	16	5	0
c13	2013	11	8	16	10	0
c13	2013	11	8	16	15	0
c13	2013	11	8	16	20	0
c13	2013	11	8	16	25	0
c13	2013	11	8	16	30	0
c13	2013	11	8	16	35	0
c13	2013	11	8	16	40	0
c13	2013	11	8	16	45	0
c13	2013	11	8	16	50	0
c13	2013	11	8	16	55	0
c13	2013	11	8	17	0	0
c13	2013	11	8	17	5	0
c13	2013	11	8	17	10	0
c13	2013	11	8	17	15	0
c13	2013	11	8	17	20	0
c13	2013	11	8	17	25	0
c13	2013	11	8	17	30	0
c13	2013	11	8	17	35	0
c13	2013	11	8	17	40	0
c13	2013	11	8	17	45	0
c13	2013	11	8	17	50	0
c13	2013	11	8	17	55	0
c13	2013	11	8	18	0	0
c13	2013	11	8	18	5	0
c13	2013	11	8	18	10	0
c13	2013	11	8	18	15	0
c13	2013	11	8	18	20	0
c13	2013	11	8	18	25	0
c13	2013	11	8	18	30	0
c13	2013	11	8	18	35	0
c13	2013	11	8	18	40	0
c13	2013	11	8	18	45	0
c13	2013	11	8	18	50	0
c13	2013	11	8	18	55	0
c13	2013	11	8	19	0	0
c13	2013	11	8	19	5	0
c13	2013	11	8	19	10	0
c13	2013	11	8	19	15	0
c13	2013	11	8	19	20	0
c13	2013	11	8	19	25	0
c13	2013	11	8	19	30	0
c13	2013	11	8	19	35	0
c13	2013	11	8	19	40	0
c13	2013	11	8	19	45	0
c13	2013	11	8	19	50	0
c13	2013	11	8	19	55	0
c13	2013	11	8	20	0	0
c13	2013	11	8	20	5	0
c13	2013	11	8	20	10	0
c13	2013	11	8	20	15	0
c13	2013	11	8	20	20	0
c13	2013	11	8	20	25	0
c13	2013	11	8	20	30	0
c13	2013	11	8	20	35	0
c13	2013	11	8	20	40	0
c13	2013	11	8	20	45	0
c13	2013	11	8	20	50	0
c13	2013	11	8	20	55	0
c13	2013	11	8	21	0	0
c13	2013	11	8	21	5	0
c13	2013	11	8	21	10	0
c13	2013	11	8	21	15	0
c13	2013	11	8	21	20	0
c13	2013	11	8	21	25	0
c13	2013	11	8	21	30	0
c13	2013	11	8	21	35	0
c13	2013	11	8	21	40	0
c13	2013	11	8	21	45	0
c13	2013	11	8	21	50	0
c13	2013	11	8	21	55	0
c13	2013	11	8	22	0	0
c13	2013	11	8	22	5	0
c13	2013	11	8	22	10	0
c13	2013	11	8	22	15	0
c13	2013	11	8	22	20	0
c13	2013	11	8	22	25	0
c13	2013	11	8	22	30	0
c13	2013	11	8	22	35	0
c13	2013	11	8	22	40	0
c13	2013	11	8	22	45	0
c13	2013	11	8	22	50	0
c13	2013	11	8	22	55	0
c13	2013	11	8	23	0	0
c13	2013	11	8	23	5	0
c13	2013	11	8	23	10	0
c13	2013	11	8	23	15	0
c13	2013	11	8	23	20	0
c13	2013	11	8	23	25	0
c13	2013	11	8	23	30	0
c13	2013	11	8	23	35	0
c13	2013	11	8	23	40	0
c13	2013	11	8	23	45	0
c13	2013	11	8	23	50	0
c13	2013	11	8	23	55	0
c13	2013	11	9	0	0	0
c13	2013	11	9	0	5	0
c13	2013	11	9	0	10	0
c13	2013	11	9	0	15	0
c13	2013	11	9	0	20	0
c13	2013	11	9	0	25	0
c13	2013	11	9	0	30	0
c13	2013	11	9	0	35	0
c13	2013	11	9	0	40	0
c13	2013	11	9	0	45	0
c13	2013	11	9	0	50	0
c13	2013	11	9	0	55	0
c13	2013	11	9	1	0	0
c13	2013	11	9	1	5	0
c13	2013	11	9	1	10	0
c13	2013	11	9	1	15	0
c13	2013	11	9	1	20	0
c13	2013	11	9	1	25	0
c13	2013	11	9	1	30	0
c13	2013	11	9	1	35	0
c13	2013	11	9	1	40	0
c13	2013	11	9	1	45	0
c13	2013	11	9	1	50	0
c13	2013	11	9	1	55	0
c13	2013	11	9	2	0	0
c13	2013	11	9	2	5	0
c13	2013	11	9	2	10	0
c13	2013	11	9	2	15	0
c13	2013	11	9	2	20	0
c13	2013	11	9	2	25	0
c13	2013	11	9	2	30	0
c13	2013	11	9	2	35	0
c13	2013	11	9	2	40	0
c13	2013	11	9	2	45	0
c13	2013	11	9	2	50	0
c13	2013	11	9	2	55	0
c13	2013	11	9	3	0	0
c13	2013	11	9	3	5	0
c13	2013	11	9	3	10	0
c13	2013	11	9	3	15	0
c13	2013	11	9	3	20	0
c13	2013	11	9	3	25	0
c13	2013	11	9	3	30	0
c13	2013	11	9	3	35	0
c13	2013	11	9	3	40	0
c13	2013	11	9	3	45	0
c13	2013	11	9	3	50	0
c13	2013	11	9	3	55	0
c13	2013	11	9	4	0	0
c13	2013	11	9	4	5	0
c13	2013	11	9	4	10	0
c13	2013	11	9	4	15	0
c13	2013	11	9	4	20	0
c13	2013	11	9	4	25	0
c13	2013	11	9	4	30	0
c13	2013	11	9	4	35	0
c13	2013	11	9	4	40	0
c13	2013	11	9	4	45	0
c13	2013	11	9	4	50	0
c13	2013	11	9	4	55	0
c13	2013	11	9	5	0	0
c13	2013	11	9	5	5	0
c13	2013	11	9	5	10	0
c13	2013	11	9	5	15	0
c13	2013	11	9	5	20	0
c13	2013	11	9	5	25	0
c13	2013	11	9	5	30	0
c13	2013	11	9	5	35	0
c13	2013	11	9	5	40	0
c13	2013	11	9	5	45	0
c13	2013	11	9	5	50	0
c13	2013	11	9	5	55	0
c13	2013	11	9	6	0	0
c13	2013	11	9	6	5	0
c13	2013	11	9	6	10	0
c13	2013	11	9	6	15	0
c13	2013	11	9	6	20	0
c13	2013	11	9	6	25	0
c13	2013	11	9	6	30	0
c13	2013	11	9	6	35	0
c13	2013	11	9	6	40	0
c13	2013	11	9	6	45	0
c13	2013	11	9	6	50	0
c13	2013	11	9	6	55	0
c13	2013	11	9	7	0	0
c13	2013	11	9	7	5	0
c13	2013	11	9	7	10	0
c13	2013	11	9	7	15	0
c13	2013	11	9	7	20	0
c13	2013	11	9	7	25	0
c13	2013	11	9	7	30	0
c13	2013	11	9	7	35	0
c13	2013	11	9	7	40	0
c13	2013	11	9	7	45	0
c13	2013	11	9	7	50	0
c13	2013	11	9	7	55	0
c13	2013	11	9	8	0	0
c13	2013	11	9	8	5	0
c13	2013	11	9	8	10	0
c13	2013	11	9	8	15	0
c13	2013	11	9	8	20	0
c13	2013	11	9	8	25	0
c13	2013	11	9	8	30	0
c13	2013	11	9	8	35	0
c13	2013	11	9	8	40	0
c13	2013	11	9	8	45	0
c13	2013	11	9	8	50	0
c13	2013	11	9	8	55	0
c13	2013	11	9	9	0	0
c13	2013	11	9	9	5	0
c13	2013	11	9	9	10	0
c13	2013	11	9	9	15	0
c13	2013	11	9	9	20	0
c13	2013	11	9	9	25	0
c13	2013	11	9	9	30	0
c13	2013	11	9	9	35	0
c13	2013	11	9	9	40	0
c13	2013	11	9	9	45	0
c13	2013	11	9	9	50	0
c13	2013	11	9	9	55	0
c13	2013	11	9	10	0	0
c13	2013	11	9	10	5	0
c13	2013	11	9	10	10	0
c13	2013	11	9	10	15	0
c13	2013	11	9	10	20	0
c13	2013	11	9	10	25	0
c13	2013	11	9	10	30	0
c13	2013	11	9	10	35	0
c13	2013	11	9	10	40	0
c13	2013	11	9	10	45	0
c13	2013	11	9	10	50	0
c13	2013	11	9	10	55	0
c13	2013	11	9	11	0	0
c13	2013	11	9	11	5	0
c13	2013	11	9	11	10	0
c13	2013	11	9	11	15	0
c13	2013	11	9	11	20	0
c13	2013	11	9	11	25	0
c13	2013	11	9	11	30	0
c13	2013	11	9	11	35	0
c13	2013	11	9	11	40	0
c13	2013	11	9	11	45	0
c13	2013	11	9	11	50	0
c13	2013	11	9	11	55	0
c13	2013	11	9	12	0	0
c13	2013	11	9	12	5	0
c13	2013	11	9	12	10	0
c13	2013	11	9	12	15	0
c13	2013	11	9	12	20	0
c13	2013	11	9	12	25	0
c13	2013	11	9	12	30	0
c13	2013	11	9	12	35	0
c13	2013	11	9	12	40	0
c13	2013	11	9	12	45	0
c13	2013	11	9	12	50	0
c13	2013	11	9	12	55	0
c13	2013	11	9	13	0	0
c13	2013	11	9	13	5	0
c13	2013	11	9	13	10	0
c13	2013	11	9	13	15	0
c13	2013	11	9	13	20	0
c13	2013	11	9	13	25	0
c13	2013	11	9	13	30	0
c13	2013	11	9	13	35	0
c13	2013	11	9	13	40	0
c13	2013	11	9	13	45	0
c13	2013	11	9	13	50	0
c13	2013	11	9	13	55	0
c13	2013	11	9	14	0	0
c13	2013	11	9	14	5	0
c13	2013	11	9	14	10	0
c13	2013	11	9	14	15	0
c13	2013	11	9	14	20	0
c13	2013	11	9	14	25	0
c13	2013	11	9	14	30	0
c13	2013	11	9	14	35	0
c13	2013	11	9	14	40	0
c13	2013	11	9	14	45	0
c13	2013	11	9	14	50	0
c13	2013	11	9	14	55	0
c13	2013	11	9	15	0	0
c13	2013	11	9	15	5	0
c13	2013	11	9	15	10	0
c13	2013	11	9	15	15	0
c13	2013	11	9	15	20	0
c13	2013	11	9	15	25	0
c13	2013	11	9	15	30	0
c13	2013	11	9	15	35	0
c13	2013	11	9	15	40	0
c13	2013	11	9	15	45	0
c13	2013	11	9	15	50	0
c13	2013	11	9	15	55	0
c13	2013	11	9	16	0	0
c13	2013	11	9	16	5	0
c13	2013	11	9	16	10	0
c13	2013	11	9	16	15	0
c13	2013	11	9	16	20	0
c13	2013	11	9	16	25	0
c13	2013	11	9	16	30	0
c13	2013	11	9	16	35	0
c13	2013	11	9	16	40	0
c13	2013	11	9	16	45	0
c13	2013	11	9	16	50	0
c13	2013	11	9	16	55	0
c13	2013	11	9	17	0	0
c13	2013	11	9	17	5	0
c13	2013	11	9	17	10	0
c13	2013	11	9	17	15	0
c13	2013	11	9	17	20	0
c13	2013	11	9	17	25	0
c13	2013	11	9	17	30	0
c13	2013	11	9	17	35	0
c13	2013	11	9	17	40	0
c13	2013	11	9	17	45	0
c13	2013	11	9	17	50	0
c13	2013	11	9	17	55	0
c13	2013	11	9	18	0	0
c13	2013	11	9	18	5	0
c13	2013	11	9	18	10	0
c13	2013	11	9	18	15	0
c13	2013	11	9	18	20	0
c13	2013	11	9	18	25	0
c13	2013	11	9	18	30	0
c13	2013	11	9	18	35	0
c13	2013	11	9	18	40	0
c13	2013	11	9	18	45	0
c13	2013	11	9	18	50	0
c13	2013	11	9	18	55	0
c13	2013	11	9	19	0	0
c13	2013	11	9	19	5	0
c13	2013	11	9	19	10	0
c13	2013	11	9	19	15	0
c13	2013	11	9	19	20	0
c13	2013	11	9	19	25	0
c13	2013	11	9	19	30	0
c13	2013	11	9	19	35	0
c13	2013	11	9	19	40	0
c13	2013	11	9	19	45	0
c13	2013	11	9	19	50	0
c13	2013	11	9	19	55	0
c13	2013	11	9	20	0	0
c13	2013	11	9	20	5	0
c13	2013	11	9	20	10	0
c13	2013	11	9	20	15	0
c13	2013	11	9	20	20	0
c13	2013	11	9	20	25	0
c13	2013	11	9	20	30	0
c13	2013	11	9	20	35	0
c13	2013	11	9	20	40	0
c13	2013	11	9	20	45	0
c13	2013	11	9	20	50	0
c13	2013	11	9	20	55	0
c13	2013	11	9	21	0	0
c13	2013	11	9	21	5	0
c13	2013	11	9	21	10	0
c13	2013	11	9	21	15	0
c13	2013	11	9	21	20	0
c13	2013	11	9	21	25	0
c13	2013	11	9	21	30	0
c13	2013	11	9	21	35	0
c13	2013	11	9	21	40	0
c13	2013	11	9	21	45	0
c13	2013	11	9	21	50	0
c13	2013	11	9	21	55	0
c13	2013	11	9	22	0	0
c13	2013	11	9	22	5	0
c13	2013	11	9	22	10	0
c13	2013	11	9	22	15	0
c13	2013	11	9	22	20	0
c13	2013	11	9	22	25	0
c13	2013	11	9	22	30	0
c13	2013	11	9	22	35	0
c13	2013	11	9	22	40	0
c13	2013	11	9	22	45	0
c13	2013	11	9	22	50	0
c13	2013	11	9	22	55	0
c13	2013	11	9	23	0	0
c13	2013	11	9	23	5	0
c13	2013	11	9	23	10	0
c13	2013	11	9	23	15	0
c13	2013	11	9	23	20	0
c13	2013	11	9	23	25	0
c13	2013	11	9	23	30	0
c13	2013	11	9	23	35	0
c13	2013	11	9	23	40	0
c13	2013	11	9	23	45	0
c13	2013	11	9	23	50	0
c13	2013	11	9	23	55	0
c13	2013	11	10	0	0	0
c13	2013	11	10	0	5	0
c13	2013	11	10	0	10	0
c13	2013	11	10	0	15	0
c13	2013	11	10	0	20	0
c13	2013	11	10	0	25	0
c13	2013	11	10	0	30	0
c13	2013	11	10	0	35	0
c13	2013	11	10	0	40	0
c13	2013	11	10	0	45	0
c13	2013	11	10	0	50	0
c13	2013	11	10	0	55	0
c13	2013	11	10	1	0	0
c13	2013	11	10	1	5	0
c13	2013	11	10	1	10	0
c13	2013	11	10	1	15	0
c13	2013	11	10	1	20	0
c13	2013	11	10	1	25	0
c13	2013	11	10	1	30	0
c13	2013	11	10	1	35	0
c13	2013	11	10	1	40	0
c13	2013	11	10	1	45	0
c13	2013	11	10	1	50	0
c13	2013	11	10	1	55	0
c13	2013	11	10	2	0	0
c13	2013	11	10	2	5	0
c13	2013	11	10	2	10	0
c13	2013	11	10	2	15	0
c13	2013	11	10	2	20	0
c13	2013	11	10	2	25	0
c13	2013	11	10	2	30	0
c13	2013	11	10	2	35	0
c13	2013	11	10	2	40	0
c13	2013	11	10	2	45	0
c13	2013	11	10	2	50	0
c13	2013	11	10	2	55	0
c13	2013	11	10	3	0	0
c13	2013	11	10	3	5	0
c13	2013	11	10	3	10	0
c13	2013	11	10	3	15	0
c13	2013	11	10	3	20	0
c13	2013	11	10	3	25	0
c13	2013	11	10	3	30	0
c13	2013	11	10	3	35	0
c13	2013	11	10	3	40	0
c13	2013	11	10	3	45	0
c13	2013	11	10	3	50	0
c13	2013	11	10	3	55	0
c13	2013	11	10	4	0	0
c13	2013	11	10	4	5	0
c13	2013	11	10	4	10	0
c13	2013	11	10	4	15	0
c13	2013	11	10	4	20	0
c13	2013	11	10	4	25	0
c13	2013	11	10	4	30	0
c13	2013	11	10	4	35	0
c13	2013	11	10	4	40	0
c13	2013	11	10	4	45	0
c13	2013	11	10	4	50	0
c13	2013	11	10	4	55	0
c13	2013	11	10	5	0	0
c13	2013	11	10	5	5	0
c13	2013	11	10	5	10	0
c13	2013	11	10	5	15	0
c13	2013	11	10	5	20	0
c13	2013	11	10	5	25	0
c13	2013	11	10	5	30	0
c13	2013	11	10	5	35	0
c13	2013	11	10	5	40	0
c13	2013	11	10	5	45	0
c13	2013	11	10	5	50	0
c13	2013	11	10	5	55	0
c13	2013	11	10	6	0	0
c13	2013	11	10	6	5	0
c13	2013	11	10	6	10	0
c13	2013	11	10	6	15	0
c13	2013	11	10	6	20	0
c13	2013	11	10	6	25	0
c13	2013	11	10	6	30	0
c13	2013	11	10	6	35	0
c13	2013	11	10	6	40	0
c13	2013	11	10	6	45	0
c13	2013	11	10	6	50	0
c13	2013	11	10	6	55	0
c13	2013	11	10	7	0	0
c13	2013	11	10	7	5	0
c13	2013	11	10	7	10	0
c13	2013	11	10	7	15	0
c13	2013	11	10	7	20	0
c13	2013	11	10	7	25	0
c13	2013	11	10	7	30	0
c13	2013	11	10	7	35	0
c13	2013	11	10	7	40	0
c13	2013	11	10	7	45	0
c13	2013	11	10	7	50	0
c13	2013	11	10	7	55	0
c13	2013	11	10	8	0	0
c13	2013	11	10	8	5	0
c13	2013	11	10	8	10	0
c13	2013	11	10	8	15	0
c13	2013	11	10	8	20	0
c13	2013	11	10	8	25	0
c13	2013	11	10	8	30	0
c13	2013	11	10	8	35	0
c13	2013	11	10	8	40	0
c13	2013	11	10	8	45	0
c13	2013	11	10	8	50	0
c13	2013	11	10	8	55	0
c13	2013	11	10	9	0	0
c13	2013	11	10	9	5	0
c13	2013	11	10	9	10	0
c13	2013	11	10	9	15	0
c13	2013	11	10	9	20	0
c13	2013	11	10	9	25	0
c13	2013	11	10	9	30	0
c13	2013	11	10	9	35	0
c13	2013	11	10	9	40	0
c13	2013	11	10	9	45	0
c13	2013	11	10	9	50	0
c13	2013	11	10	9	55	0
c13	2013	11	10	10	0	0
c13	2013	11	10	10	5	0
c13	2013	11	10	10	10	0
c13	2013	11	10	10	15	0
c13	2013	11	10	10	20	0
c13	2013	11	10	10	25	0
c13	2013	11	10	10	30	0
c13	2013	11	10	10	35	0
c13	2013	11	10	10	40	0
c13	2013	11	10	10	45	0
c13	2013	11	10	10	50	0
c13	2013	11	10	10	55	0
c13	2013	11	10	11	0	0
c13	2013	11	10	11	5	0
c13	2013	11	10	11	10	0
c13	2013	11	10	11	15	0
c13	2013	11	10	11	20	0
c13	2013	11	10	11	25	0
c13	2013	11	10	11	30	0
c13	2013	11	10	11	35	0
c13	2013	11	10	11	40	0
c13	2013	11	10	11	45	0
c13	2013	11	10	11	50	0
c13	2013	11	10	11	55	0
c13	2013	11	10	12	0	0
c13	2013	11	10	12	5	0
c13	2013	11	10	12	10	0
c13	2013	11	10	12	15	0
c13	2013	11	10	12	20	0
c13	2013	11	10	12	25	0
c13	2013	11	10	12	30	0
c13	2013	11	10	12	35	0
c13	2013	11	10	12	40	0
c13	2013	11	10	12	45	0
c13	2013	11	10	12	50	0
c13	2013	11	10	12	55	0
c13	2013	11	10	13	0	0
c13	2013	11	10	13	5	0
c13	2013	11	10	13	10	0
c13	2013	11	10	13	15	0
c13	2013	11	10	13	20	0
c13	2013	11	10	13	25	0
c13	2013	11	10	13	30	0
c13	2013	11	10	13	35	0
c13	2013	11	10	13	40	0
c13	2013	11	10	13	45	0
c13	2013	11	10	13	50	0
c13	2013	11	10	13	55	0
c13	2013	11	10	14	0	0
c13	2013	11	10	14	5	0
c13	2013	11	10	14	10	0
c13	2013	11	10	14	15	0
c13	2013	11	10	14	20	0
c13	2013	11	10	14	25	0
c13	2013	11	10	14	30	0
c13	2013	11	10	14	35	0
c13	2013	11	10	14	40	0
c13	2013	11	10	14	45	0
c13	2013	11	10	14	50	0
c13	2013	11	10	14	55	0
c13	2013	11	10	15	0	0
c13	2013	11	10	15	5	0
c13	2013	11	10	15	10	0
c13	2013	11	10	15	15	0
c13	2013	11	10	15	20	0
c13	2013	11	10	15	25	0
c13	2013	11	10	15	30	0
c13	2013	11	10	15	35	0
c13	2013	11	10	15	40	0
c13	2013	11	10	15	45	0
c13	2013	11	10	15	50	0
c13	2013	11	10	15	55	0
c13	2013	11	10	16	0	0
c13	2013	11	10	16	5	0
c13	2013	11	10	16	10	0
c13	2013	11	10	16	15	0
c13	2013	11	10	16	20	0
c13	2013	11	10	16	25	0
c13	2013	11	10	16	30	0
c13	2013	11	10	16	35	0
c13	2013	11	10	16	40	0
c13	2013	11	10	16	45	0
c13	2013	11	10	16	50	0
c13	2013	11	10	16	55	0
c13	2013	11	10	17	0	0
c13	2013	11	10	17	5	0
c13	2013	11	10	17	10	0
c13	2013	11	10	17	15	0
c13	2013	11	10	17	20	0
c13	2013	11	10	17	25	0
c13	2013	11	10	17	30	0
c13	2013	11	10	17	35	0
c13	2013	11	10	17	40	0
c13	2013	11	10	17	45	0
c13	2013	11	10	17	50	0
c13	2013	11	10	17	55	0
c13	2013	11	10	18	0	0
c13	2013	11	10	18	5	0
c13	2013	11	10	18	10	0
c13	2013	11	10	18	15	0
c13	2013	11	10	18	20	0
c13	2013	11	10	18	25	0
c13	2013	11	10	18	30	0
c13	2013	11	10	18	35	0
c13	2013	11	10	18	40	0
c13	2013	11	10	18	45	0
c13	2013	11	10	18	50	0
c13	2013	11	10	18	55	0
c13	2013	11	10	19	0	0
c13	2013	11	10	19	5	0
c13	2013	11	10	19	10	0
c13	2013	11	10	19	15	0
c13	2013	11	10	19	20	0
c13	2013	11	10	19	25	0
c13	2013	11	10	19	30	0
c13	2013	11	10	19	35	0
c13	2013	11	10	19	40	0
c13	2013	11	10	19	45	0
c13	2013	11	10	19	50	0
c13	2013	11	10	19	55	0
c13	2013	11	10	20	0	0
c13	2013	11	10	20	5	0
c13	2013	11	10	20	10	0
c13	2013	11	10	20	15	0
c13	2013	11	10	20	20	0
c13	2013	11	10	20	25	0
c13	2013	11	10	20	30	0
c13	2013	11	10	20	35	0
c13	2013	11	10	20	40	0
c13	2013	11	10	20	45	0
c13	2013	11	10	20	50	0
c13	2013	11	10	20	55	0
c13	2013	11	10	21	0	0
c13	2013	11	10	21	5	0
c13	2013	11	10	21	10	0
c13	2013	11	10	21	15	0
c13	2013	11	10	21	20	0
c13	2013	11	10	21	25	0
c13	2013	11	10	21	30	0
c13	2013	11	10	21	35	0
c13	2013	11	10	21	40	0
c13	2013	11	10	21	45	0
c13	2013	11	10	21	50	0
c13	2013	11	10	21	55	0
c13	2013	11	10	22	0	0
c13	2013	11	10	22	5	0
c13	2013	11	10	22	10	0
c13	2013	11	10	22	15	0
c13	2013	11	10	22	20	0
c13	2013	11	10	22	25	0
c13	2013	11	10	22	30	0
c13	2013	11	10	22	35	0
c13	2013	11	10	22	40	0
c13	2013	11	10	22	45	0
c13	2013	11	10	22	50	0
c13	2013	11	10	22	55	0
c13	2013	11	10	23	0	0
c13	2013	11	10	23	5	0
c13	2013	11	10	23	10	0
c13	2013	11	10	23	15	0
c13	2013	11	10	23	20	0
c13	2013	11	10	23	25	0
c13	2013	11	10	23	30	0
c13	2013	11	10	23	35	0
c13	2013	11	10	23	40	0
c13	2013	11	10	23	45	0
c13	2013	11	10	23	50	0
c13	2013	11	10	23	55	0
c13	2013	11	11	0	0	0
c13	2013	11	11	0	5	0
c13	2013	11	11	0	10	0
c13	2013	11	11	0	15	0
c13	2013	11	11	0	20	0
c13	2013	11	11	0	25	0
c13	2013	11	11	0	30	0
c13	2013	11	11	0	35	0
c13	2013	11	11	0	40	0
c13	2013	11	11	0	45	0
c13	2013	11	11	0	50	0
c13	2013	11	11	0	55	0
c13	2013	11	11	1	0	0
c13	2013	11	11	1	5	0
c13	2013	11	11	1	10	0
c13	2013	11	11	1	15	0
c13	2013	11	11	1	20	0
c13	2013	11	11	1	25	0
c13	2013	11	11	1	30	0
c13	2013	11	11	1	35	0
c13	2013	11	11	1	40	0
c13	2013	11	11	1	45	0
c13	2013	11	11	1	50	0
c13	2013	11	11	1	55	0
c13	2013	11	11	2	0	0
c13	2013	11	11	2	5	0
c13	2013	11	11	2	10	0
c13	2013	11	11	2	15	0
c13	2013	11	11	2	20	0
c13	2013	11	11	2	25	0
c13	2013	11	11	2	30	0
c13	2013	11	11	2	35	0
c13	2013	11	11	2	40	0
c13	2013	11	11	2	45	0
c13	2013	11	11	2	50	0.005293371
c13	2013	11	11	2	55	0.005293371
c13	2013	11	11	3	0	0
c13	2013	11	11	3	5	0
c13	2013	11	11	3	10	0.046019776
c13	2013	11	11	3	15	0.061359702
c13	2013	11	11	3	20	0.030679851
c13	2013	11	11	3	25	0
c13	2013	11	11	3	30	0
c13	2013	11	11	3	35	0.873138914
c13	2013	11	11	3	40	0.529176719
c13	2013	11	11	3	45	0.031760226
c13	2013	11	11	3	50	0.058227081
c13	2013	11	11	3	55	0.293674378
c13	2013	11	11	4	0	0.566175273
c13	2013	11	11	4	5	0.523828304
c13	2013	11	11	4	10	0.107379478
c13	2013	11	11	4	15	0.744530908
c13	2013	11	11	4	20	0.575196496
c13	2013	11	11	4	25	0.569903125
c13	2013	11	11	4	30	0.174627783
c13	2013	11	11	4	35	0
c13	2013	11	11	4	40	0
c13	2013	11	11	4	45	0.174627783
c13	2013	11	11	4	50	0
c13	2013	11	11	4	55	0
c13	2013	11	11	5	0	0
c13	2013	11	11	5	5	0
c13	2013	11	11	5	10	0
c13	2013	11	11	5	15	0
c13	2013	11	11	5	20	0.092039553
c13	2013	11	11	5	25	0.015339925
c13	2013	11	11	5	30	0
c13	2013	11	11	5	35	0
c13	2013	11	11	5	40	0.015339925
c13	2013	11	11	5	45	0.015339925
c13	2013	11	11	5	50	0.035973222
c13	2013	11	11	5	55	0.046019776
c13	2013	11	11	6	0	0
c13	2013	11	11	6	5	0.015339925
c13	2013	11	11	6	10	0.005293371
c13	2013	11	11	6	15	0.189967708
c13	2013	11	11	6	20	0
c13	2013	11	11	6	25	0.015339925
c13	2013	11	11	6	30	0
c13	2013	11	11	6	35	0
c13	2013	11	11	6	40	0
c13	2013	11	11	6	45	0
c13	2013	11	11	6	50	0.005293371
c13	2013	11	11	6	55	0
c13	2013	11	11	7	0	0
c13	2013	11	11	7	5	0
c13	2013	11	11	7	10	0
c13	2013	11	11	7	15	0
c13	2013	11	11	7	20	0
c13	2013	11	11	7	25	0
c13	2013	11	11	7	30	0
c13	2013	11	11	7	35	0
c13	2013	11	11	7	40	0
c13	2013	11	11	7	45	0
c13	2013	11	11	7	50	0
c13	2013	11	11	7	55	0
c13	2013	11	11	8	0	0
c13	2013	11	11	8	5	0
c13	2013	11	11	8	10	0
c13	2013	11	11	8	15	0
c13	2013	11	11	8	20	0
c13	2013	11	11	8	25	0
c13	2013	11	11	8	30	0
c13	2013	11	11	8	35	0
c13	2013	11	11	8	40	0
c13	2013	11	11	8	45	0
c13	2013	11	11	8	50	0
c13	2013	11	11	8	55	0
c13	2013	11	11	9	0	0
c13	2013	11	11	9	5	0
c13	2013	11	11	9	10	0
c13	2013	11	11	9	15	0
c13	2013	11	11	9	20	0
c13	2013	11	11	9	25	0
c13	2013	11	11	9	30	0
c13	2013	11	11	9	35	0
c13	2013	11	11	9	40	0
c13	2013	11	11	9	45	0
c13	2013	11	11	9	50	0
c13	2013	11	11	9	55	0
c13	2013	11	11	10	0	0
c13	2013	11	11	10	5	0
c13	2013	11	11	10	10	0
c13	2013	11	11	10	15	0
c13	2013	11	11	10	20	0
c13	2013	11	11	10	25	0
c13	2013	11	11	10	30	0
c13	2013	11	11	10	35	0
c13	2013	11	11	10	40	0
c13	2013	11	11	10	45	0
c13	2013	11	11	10	50	0
c13	2013	11	11	10	55	0
c13	2013	11	11	11	0	0
c13	2013	11	11	11	5	0
c13	2013	11	11	11	10	0
c13	2013	11	11	11	15	0
c13	2013	11	11	11	20	0
c13	2013	11	11	11	25	0
c13	2013	11	11	11	30	0
c13	2013	11	11	11	35	0
c13	2013	11	11	11	40	0
c13	2013	11	11	11	45	0
c13	2013	11	11	11	50	0
c13	2013	11	11	11	55	0
c13	2013	11	11	12	0	0
c13	2013	11	11	12	5	0
c13	2013	11	11	12	10	0
c13	2013	11	11	12	15	0
c13	2013	11	11	12	20	0
c13	2013	11	11	12	25	0
c13	2013	11	11	12	30	0
c13	2013	11	11	12	35	0
c13	2013	11	11	12	40	0
c13	2013	11	11	12	45	0
c13	2013	11	11	12	50	0
c13	2013	11	11	12	55	0
c13	2013	11	11	13	0	0
c13	2013	11	11	13	5	0
c13	2013	11	11	13	10	0
c13	2013	11	11	13	15	0
c13	2013	11	11	13	20	0
c13	2013	11	11	13	25	0
c13	2013	11	11	13	30	0
c13	2013	11	11	13	35	0
c13	2013	11	11	13	40	0
c13	2013	11	11	13	45	0
c13	2013	11	11	13	50	0
c13	2013	11	11	13	55	0
c13	2013	11	11	14	0	0
c13	2013	11	11	14	5	0
c13	2013	11	11	14	10	0
c13	2013	11	11	14	15	0
c13	2013	11	11	14	20	0
c13	2013	11	11	14	25	0
c13	2013	11	11	14	30	0
c13	2013	11	11	14	35	0
c13	2013	11	11	14	40	0
c13	2013	11	11	14	45	0
c13	2013	11	11	14	50	0
c13	2013	11	11	14	55	0
c13	2013	11	11	15	0	0
c13	2013	11	11	15	5	0
c13	2013	11	11	15	10	0
c13	2013	11	11	15	15	0
c13	2013	11	11	15	20	0
c13	2013	11	11	15	25	0
c13	2013	11	11	15	30	0
c13	2013	11	11	15	35	0
c13	2013	11	11	15	40	0
c13	2013	11	11	15	45	0
c13	2013	11	11	15	50	0
c13	2013	11	11	15	55	0
c13	2013	11	11	16	0	0
c13	2013	11	11	16	5	0
c13	2013	11	11	16	10	0
c13	2013	11	11	16	15	0
c13	2013	11	11	16	20	0
c13	2013	11	11	16	25	0
c13	2013	11	11	16	30	0
c13	2013	11	11	16	35	0
c13	2013	11	11	16	40	0
c13	2013	11	11	16	45	0
c13	2013	11	11	16	50	0
c13	2013	11	11	16	55	0
c13	2013	11	11	17	0	0
c13	2013	11	11	17	5	0
c13	2013	11	11	17	10	0
c13	2013	11	11	17	15	0
c13	2013	11	11	17	20	0
c13	2013	11	11	17	25	0
c13	2013	11	11	17	30	0
c13	2013	11	11	17	35	0
c13	2013	11	11	17	40	0
c13	2013	11	11	17	45	0
c13	2013	11	11	17	50	0
c13	2013	11	11	17	55	0
c13	2013	11	11	18	0	0
c13	2013	11	11	18	5	0
c13	2013	11	11	18	10	0
c13	2013	11	11	18	15	0
c13	2013	11	11	18	20	0
c13	2013	11	11	18	25	0
c13	2013	11	11	18	30	0
c13	2013	11	11	18	35	0
c13	2013	11	11	18	40	0
c13	2013	11	11	18	45	0
c13	2013	11	11	18	50	0
c13	2013	11	11	18	55	0
c13	2013	11	11	19	0	0
c13	2013	11	11	19	5	0
c13	2013	11	11	19	10	0
c13	2013	11	11	19	15	0
c13	2013	11	11	19	20	0
c13	2013	11	11	19	25	0
c13	2013	11	11	19	30	0
c13	2013	11	11	19	35	0
c13	2013	11	11	19	40	0
c13	2013	11	11	19	45	0
c13	2013	11	11	19	50	0
c13	2013	11	11	19	55	0
c13	2013	11	11	20	0	0
c13	2013	11	11	20	5	0
c13	2013	11	11	20	10	0
c13	2013	11	11	20	15	0
c13	2013	11	11	20	20	0
c13	2013	11	11	20	25	0
c13	2013	11	11	20	30	0
c13	2013	11	11	20	35	0
c13	2013	11	11	20	40	0
c13	2013	11	11	20	45	0
c13	2013	11	11	20	50	0
c13	2013	11	11	20	55	0
c13	2013	11	11	21	0	0
c13	2013	11	11	21	5	0
c13	2013	11	11	21	10	0
c13	2013	11	11	21	15	0
c13	2013	11	11	21	20	0
c13	2013	11	11	21	25	0
c13	2013	11	11	21	30	0
c13	2013	11	11	21	35	0
c13	2013	11	11	21	40	0
c13	2013	11	11	21	45	0
c13	2013	11	11	21	50	0
c13	2013	11	11	21	55	0
c13	2013	11	11	22	0	0
c13	2013	11	11	22	5	0
c13	2013	11	11	22	10	0
c13	2013	11	11	22	15	0
c13	2013	11	11	22	20	0
c13	2013	11	11	22	25	0
c13	2013	11	11	22	30	0
c13	2013	11	11	22	35	0
c13	2013	11	11	22	40	0
c13	2013	11	11	22	45	0
c13	2013	11	11	22	50	0
c13	2013	11	11	22	55	0
c13	2013	11	11	23	0	0
c13	2013	11	11	23	5	0
c13	2013	11	11	23	10	0
c13	2013	11	11	23	15	0
c13	2013	11	11	23	20	0
c13	2013	11	11	23	25	0
c13	2013	11	11	23	30	0
c13	2013	11	11	23	35	0
c13	2013	11	11	23	40	0
c13	2013	11	11	23	45	0
c13	2013	11	11	23	50	0
c13	2013	11	11	23	55	0
c13	2013	11	12	0	0	0
c13	2013	11	12	0	5	0
c13	2013	11	12	0	10	0
c13	2013	11	12	0	15	0
c13	2013	11	12	0	20	0
c13	2013	11	12	0	25	0
c13	2013	11	12	0	30	0
c13	2013	11	12	0	35	0
c13	2013	11	12	0	40	0
c13	2013	11	12	0	45	0
c13	2013	11	12	0	50	0
c13	2013	11	12	0	55	0
c13	2013	11	12	1	0	0
c13	2013	11	12	1	5	0
c13	2013	11	12	1	10	0
c13	2013	11	12	1	15	0
c13	2013	11	12	1	20	0
c13	2013	11	12	1	25	0
c13	2013	11	12	1	30	0
c13	2013	11	12	1	35	0
c13	2013	11	12	1	40	0
c13	2013	11	12	1	45	0
c13	2013	11	12	1	50	0
c13	2013	11	12	1	55	0
c13	2013	11	12	2	0	0
c13	2013	11	12	2	5	0
c13	2013	11	12	2	10	0
c13	2013	11	12	2	15	0
c13	2013	11	12	2	20	0
c13	2013	11	12	2	25	0
c13	2013	11	12	2	30	0
c13	2013	11	12	2	35	0
c13	2013	11	12	2	40	0
c13	2013	11	12	2	45	0
c13	2013	11	12	2	50	0
c13	2013	11	12	2	55	0
c13	2013	11	12	3	0	0
c13	2013	11	12	3	5	0
c13	2013	11	12	3	10	0
c13	2013	11	12	3	15	0
c13	2013	11	12	3	20	0
c13	2013	11	12	3	25	0
c13	2013	11	12	3	30	0
c13	2013	11	12	3	35	0
c13	2013	11	12	3	40	0
c13	2013	11	12	3	45	0
c13	2013	11	12	3	50	0
c13	2013	11	12	3	55	0
c13	2013	11	12	4	0	0
c13	2013	11	12	4	5	0
c13	2013	11	12	4	10	0
c13	2013	11	12	4	15	0
c13	2013	11	12	4	20	0
c13	2013	11	12	4	25	0
c13	2013	11	12	4	30	0
c13	2013	11	12	4	35	0
c13	2013	11	12	4	40	0
c13	2013	11	12	4	45	0
c13	2013	11	12	4	50	0
c13	2013	11	12	4	55	0
c13	2013	11	12	5	0	0
c13	2013	11	12	5	5	0
c13	2013	11	12	5	10	0
c13	2013	11	12	5	15	0
c13	2013	11	12	5	20	0
c13	2013	11	12	5	25	0
c13	2013	11	12	5	30	0
c13	2013	11	12	5	35	0
c13	2013	11	12	5	40	0
c13	2013	11	12	5	45	0
c13	2013	11	12	5	50	0
c13	2013	11	12	5	55	0
c13	2013	11	12	6	0	0
c13	2013	11	12	6	5	0
c13	2013	11	12	6	10	0
c13	2013	11	12	6	15	0
c13	2013	11	12	6	20	0
c13	2013	11	12	6	25	0
c13	2013	11	12	6	30	0
c13	2013	11	12	6	35	0
c13	2013	11	12	6	40	0
c13	2013	11	12	6	45	0
c13	2013	11	12	6	50	0
c13	2013	11	12	6	55	0
c13	2013	11	12	7	0	0
c13	2013	11	12	7	5	0
c13	2013	11	12	7	10	0
c13	2013	11	12	7	15	0
c13	2013	11	12	7	20	0
c13	2013	11	12	7	25	0
c13	2013	11	12	7	30	0
c13	2013	11	12	7	35	0
c13	2013	11	12	7	40	0
c13	2013	11	12	7	45	0
c13	2013	11	12	7	50	0
c13	2013	11	12	7	55	0
c13	2013	11	12	8	0	0
c13	2013	11	12	8	5	0
c13	2013	11	12	8	10	0
c13	2013	11	12	8	15	0
c13	2013	11	12	8	20	0
c13	2013	11	12	8	25	0
c13	2013	11	12	8	30	0
c13	2013	11	12	8	35	0
c13	2013	11	12	8	40	0
c13	2013	11	12	8	45	0
c13	2013	11	12	8	50	0
c13	2013	11	12	8	55	0
c13	2013	11	12	9	0	0
c13	2013	11	12	9	5	0
c13	2013	11	12	9	10	0
c13	2013	11	12	9	15	0
c13	2013	11	12	9	20	0
c13	2013	11	12	9	25	0
c13	2013	11	12	9	30	0
c13	2013	11	12	9	35	0
c13	2013	11	12	9	40	0
c13	2013	11	12	9	45	0
c13	2013	11	12	9	50	0
c13	2013	11	12	9	55	0
c13	2013	11	12	10	0	0
c13	2013	11	12	10	5	0
c13	2013	11	12	10	10	0
c13	2013	11	12	10	15	0
c13	2013	11	12	10	20	0
c13	2013	11	12	10	25	0
c13	2013	11	12	10	30	0
c13	2013	11	12	10	35	0
c13	2013	11	12	10	40	0
c13	2013	11	12	10	45	0
c13	2013	11	12	10	50	0
c13	2013	11	12	10	55	0
c13	2013	11	12	11	0	0
c13	2013	11	12	11	5	0
c13	2013	11	12	11	10	0
c13	2013	11	12	11	15	0
c13	2013	11	12	11	20	0
c13	2013	11	12	11	25	0
c13	2013	11	12	11	30	0
c13	2013	11	12	11	35	0
c13	2013	11	12	11	40	0
c13	2013	11	12	11	45	0
c13	2013	11	12	11	50	0
c13	2013	11	12	11	55	0
c13	2013	11	12	12	0	0
c13	2013	11	12	12	5	0
c13	2013	11	12	12	10	0
c13	2013	11	12	12	15	0
c13	2013	11	12	12	20	0
c13	2013	11	12	12	25	0
c13	2013	11	12	12	30	0
c13	2013	11	12	12	35	0
c13	2013	11	12	12	40	0
c13	2013	11	12	12	45	0
c13	2013	11	12	12	50	0
c13	2013	11	12	12	55	0
c13	2013	11	12	13	0	0
c13	2013	11	12	13	5	0
c13	2013	11	12	13	10	0
c13	2013	11	12	13	15	0
c13	2013	11	12	13	20	0
c13	2013	11	12	13	25	0
c13	2013	11	12	13	30	0
c13	2013	11	12	13	35	0
c13	2013	11	12	13	40	0
c13	2013	11	12	13	45	0
c13	2013	11	12	13	50	0
c13	2013	11	12	13	55	0
c13	2013	11	12	14	0	0
c13	2013	11	12	14	5	0
c13	2013	11	12	14	10	0
c13	2013	11	12	14	15	0
c13	2013	11	12	14	20	0
c13	2013	11	12	14	25	0
c13	2013	11	12	14	30	0
c13	2013	11	12	14	35	0
c13	2013	11	12	14	40	0
c13	2013	11	12	14	45	0
c13	2013	11	12	14	50	0
c13	2013	11	12	14	55	0
c13	2013	11	12	15	0	0
c13	2013	11	12	15	5	0
c13	2013	11	12	15	10	0
c13	2013	11	12	15	15	0
c13	2013	11	12	15	20	0
c13	2013	11	12	15	25	0
c13	2013	11	12	15	30	0
c13	2013	11	12	15	35	0
c13	2013	11	12	15	40	0
c13	2013	11	12	15	45	0
c13	2013	11	12	15	50	0
c13	2013	11	12	15	55	0
c13	2013	11	12	16	0	0
c13	2013	11	12	16	5	0
c13	2013	11	12	16	10	0
c13	2013	11	12	16	15	0
c13	2013	11	12	16	20	0
c13	2013	11	12	16	25	0
c13	2013	11	12	16	30	0
c13	2013	11	12	16	35	0
c13	2013	11	12	16	40	0
c13	2013	11	12	16	45	0
c13	2013	11	12	16	50	0
c13	2013	11	12	16	55	0
c13	2013	11	12	17	0	0
c13	2013	11	12	17	5	0
c13	2013	11	12	17	10	0
c13	2013	11	12	17	15	0
c13	2013	11	12	17	20	0
c13	2013	11	12	17	25	0
c13	2013	11	12	17	30	0
c13	2013	11	12	17	35	0
c13	2013	11	12	17	40	0
c13	2013	11	12	17	45	0
c13	2013	11	12	17	50	0
c13	2013	11	12	17	55	0
c13	2013	11	12	18	0	0
c13	2013	11	12	18	5	0
c13	2013	11	12	18	10	0
c13	2013	11	12	18	15	0
c13	2013	11	12	18	20	0
c13	2013	11	12	18	25	0
c13	2013	11	12	18	30	0
c13	2013	11	12	18	35	0
c13	2013	11	12	18	40	0
c13	2013	11	12	18	45	0
c13	2013	11	12	18	50	0
c13	2013	11	12	18	55	0
c13	2013	11	12	19	0	0
c13	2013	11	12	19	5	0
c13	2013	11	12	19	10	0
c13	2013	11	12	19	15	0
c13	2013	11	12	19	20	0
c13	2013	11	12	19	25	0
c13	2013	11	12	19	30	0
c13	2013	11	12	19	35	0
c13	2013	11	12	19	40	0
c13	2013	11	12	19	45	0
c13	2013	11	12	19	50	0
c13	2013	11	12	19	55	0
c13	2013	11	12	20	0	0
c13	2013	11	12	20	5	0
c13	2013	11	12	20	10	0
c13	2013	11	12	20	15	0
c13	2013	11	12	20	20	0
c13	2013	11	12	20	25	0
c13	2013	11	12	20	30	0
c13	2013	11	12	20	35	0
c13	2013	11	12	20	40	0
c13	2013	11	12	20	45	0
c13	2013	11	12	20	50	0
c13	2013	11	12	20	55	0
c13	2013	11	12	21	0	0
c13	2013	11	12	21	5	0
c13	2013	11	12	21	10	0
c13	2013	11	12	21	15	0
c13	2013	11	12	21	20	0
c13	2013	11	12	21	25	0
c13	2013	11	12	21	30	0
c13	2013	11	12	21	35	0
c13	2013	11	12	21	40	0
c13	2013	11	12	21	45	0
c13	2013	11	12	21	50	0
c13	2013	11	12	21	55	0
c13	2013	11	12	22	0	0
c13	2013	11	12	22	5	0
c13	2013	11	12	22	10	0
c13	2013	11	12	22	15	0
c13	2013	11	12	22	20	0
c13	2013	11	12	22	25	0
c13	2013	11	12	22	30	0
c13	2013	11	12	22	35	0
c13	2013	11	12	22	40	0
c13	2013	11	12	22	45	0
c13	2013	11	12	22	50	0
c13	2013	11	12	22	55	0
c13	2013	11	12	23	0	0
c13	2013	11	12	23	5	0
c13	2013	11	12	23	10	0
c13	2013	11	12	23	15	0
c13	2013	11	12	23	20	0
c13	2013	11	12	23	25	0
c13	2013	11	12	23	30	0
c13	2013	11	12	23	35	0
c13	2013	11	12	23	40	0
c13	2013	11	12	23	45	0
c13	2013	11	12	23	50	0
c13	2013	11	12	23	55	0
c13	2013	11	13	0	0	0
c13	2013	11	13	0	5	0
c13	2013	11	13	0	10	0
c13	2013	11	13	0	15	0
c13	2013	11	13	0	20	0
c13	2013	11	13	0	25	0
c13	2013	11	13	0	30	0
c13	2013	11	13	0	35	0
c13	2013	11	13	0	40	0
c13	2013	11	13	0	45	0
c13	2013	11	13	0	50	0
c13	2013	11	13	0	55	0
c13	2013	11	13	1	0	0
c13	2013	11	13	1	5	0
c13	2013	11	13	1	10	0
c13	2013	11	13	1	15	0
c13	2013	11	13	1	20	0
c13	2013	11	13	1	25	0
c13	2013	11	13	1	30	0
c13	2013	11	13	1	35	0
c13	2013	11	13	1	40	0
c13	2013	11	13	1	45	0
c13	2013	11	13	1	50	0
c13	2013	11	13	1	55	0
c13	2013	11	13	2	0	0
c13	2013	11	13	2	5	0
c13	2013	11	13	2	10	0
c13	2013	11	13	2	15	0
c13	2013	11	13	2	20	0
c13	2013	11	13	2	25	0
c13	2013	11	13	2	30	0
c13	2013	11	13	2	35	0
c13	2013	11	13	2	40	0
c13	2013	11	13	2	45	0
c13	2013	11	13	2	50	0
c13	2013	11	13	2	55	0
c13	2013	11	13	3	0	0
c13	2013	11	13	3	5	0
c13	2013	11	13	3	10	0
c13	2013	11	13	3	15	0
c13	2013	11	13	3	20	0
c13	2013	11	13	3	25	0
c13	2013	11	13	3	30	0
c13	2013	11	13	3	35	0
c13	2013	11	13	3	40	0
c13	2013	11	13	3	45	0
c13	2013	11	13	3	50	0
c13	2013	11	13	3	55	0
c13	2013	11	13	4	0	0
c13	2013	11	13	4	5	0
c13	2013	11	13	4	10	0
c13	2013	11	13	4	15	0
c13	2013	11	13	4	20	0
c13	2013	11	13	4	25	0
c13	2013	11	13	4	30	0
c13	2013	11	13	4	35	0
c13	2013	11	13	4	40	0
c13	2013	11	13	4	45	0
c13	2013	11	13	4	50	0
c13	2013	11	13	4	55	0
c13	2013	11	13	5	0	0
c13	2013	11	13	5	5	0
c13	2013	11	13	5	10	0
c13	2013	11	13	5	15	0
c13	2013	11	13	5	20	0
c13	2013	11	13	5	25	0
c13	2013	11	13	5	30	0
c13	2013	11	13	5	35	0
c13	2013	11	13	5	40	0
c13	2013	11	13	5	45	0
c13	2013	11	13	5	50	0
c13	2013	11	13	5	55	0
c13	2013	11	13	6	0	0
c13	2013	11	13	6	5	0
c13	2013	11	13	6	10	0
c13	2013	11	13	6	15	0
c13	2013	11	13	6	20	0
c13	2013	11	13	6	25	0
c13	2013	11	13	6	30	0
c13	2013	11	13	6	35	0
c13	2013	11	13	6	40	0
c13	2013	11	13	6	45	0
c13	2013	11	13	6	50	0
c13	2013	11	13	6	55	0
c13	2013	11	13	7	0	0
c13	2013	11	13	7	5	0
c13	2013	11	13	7	10	0
c13	2013	11	13	7	15	0
c13	2013	11	13	7	20	0
c13	2013	11	13	7	25	0
c13	2013	11	13	7	30	0
c13	2013	11	13	7	35	0
c13	2013	11	13	7	40	0
c13	2013	11	13	7	45	0
c13	2013	11	13	7	50	0
c13	2013	11	13	7	55	0
c13	2013	11	13	8	0	0
c13	2013	11	13	8	5	0
c13	2013	11	13	8	10	0
c13	2013	11	13	8	15	0
c13	2013	11	13	8	20	0
c13	2013	11	13	8	25	0
c13	2013	11	13	8	30	0
c13	2013	11	13	8	35	0
c13	2013	11	13	8	40	0
c13	2013	11	13	8	45	0
c13	2013	11	13	8	50	0
c13	2013	11	13	8	55	0
c13	2013	11	13	9	0	0
c13	2013	11	13	9	5	0
c13	2013	11	13	9	10	0
c13	2013	11	13	9	15	0
c13	2013	11	13	9	20	0
c13	2013	11	13	9	25	0
c13	2013	11	13	9	30	0
c13	2013	11	13	9	35	0
c13	2013	11	13	9	40	0
c13	2013	11	13	9	45	0
c13	2013	11	13	9	50	0
c13	2013	11	13	9	55	0
c13	2013	11	13	10	0	0
c13	2013	11	13	10	5	0
c13	2013	11	13	10	10	0
c13	2013	11	13	10	15	0
c13	2013	11	13	10	20	0
c13	2013	11	13	10	25	0
c13	2013	11	13	10	30	0
c13	2013	11	13	10	35	0
c13	2013	11	13	10	40	0
c13	2013	11	13	10	45	0
c13	2013	11	13	10	50	0
c13	2013	11	13	10	55	0
c13	2013	11	13	11	0	0
c13	2013	11	13	11	5	0
c13	2013	11	13	11	10	0
c13	2013	11	13	11	15	0
c13	2013	11	13	11	20	0
c13	2013	11	13	11	25	0
c13	2013	11	13	11	30	0
c13	2013	11	13	11	35	0
c13	2013	11	13	11	40	0
c13	2013	11	13	11	45	0
c13	2013	11	13	11	50	0
c13	2013	11	13	11	55	0
c13	2013	11	13	12	0	0
c13	2013	11	13	12	5	0
c13	2013	11	13	12	10	0
c13	2013	11	13	12	15	0
c13	2013	11	13	12	20	0
c13	2013	11	13	12	25	0
c13	2013	11	13	12	30	0
c13	2013	11	13	12	35	0
c13	2013	11	13	12	40	0
c13	2013	11	13	12	45	0
c13	2013	11	13	12	50	0
c13	2013	11	13	12	55	0
c13	2013	11	13	13	0	0
c13	2013	11	13	13	5	0
c13	2013	11	13	13	10	0
c13	2013	11	13	13	15	0
c13	2013	11	13	13	20	0
c13	2013	11	13	13	25	0
c13	2013	11	13	13	30	0
c13	2013	11	13	13	35	0
c13	2013	11	13	13	40	0
c13	2013	11	13	13	45	0
c13	2013	11	13	13	50	0
c13	2013	11	13	13	55	0
c13	2013	11	13	14	0	0
c13	2013	11	13	14	5	0
c13	2013	11	13	14	10	0
c13	2013	11	13	14	15	0
c13	2013	11	13	14	20	0
c13	2013	11	13	14	25	0
c13	2013	11	13	14	30	0
c13	2013	11	13	14	35	0
c13	2013	11	13	14	40	0
c13	2013	11	13	14	45	0
c13	2013	11	13	14	50	0
c13	2013	11	13	14	55	0
c13	2013	11	13	15	0	0
c13	2013	11	13	15	5	0
c13	2013	11	13	15	10	0
c13	2013	11	13	15	15	0
c13	2013	11	13	15	20	0
c13	2013	11	13	15	25	0
c13	2013	11	13	15	30	0
c13	2013	11	13	15	35	0
c13	2013	11	13	15	40	0
c13	2013	11	13	15	45	0
c13	2013	11	13	15	50	0
c13	2013	11	13	15	55	0
c13	2013	11	13	16	0	0
c13	2013	11	13	16	5	0
c13	2013	11	13	16	10	0
c13	2013	11	13	16	15	0
c13	2013	11	13	16	20	0
c13	2013	11	13	16	25	0
c13	2013	11	13	16	30	0
c13	2013	11	13	16	35	0
c13	2013	11	13	16	40	0
c13	2013	11	13	16	45	0
c13	2013	11	13	16	50	0
c13	2013	11	13	16	55	0
c13	2013	11	13	17	0	0
c13	2013	11	13	17	5	0
c13	2013	11	13	17	10	0
c13	2013	11	13	17	15	0
c13	2013	11	13	17	20	0
c13	2013	11	13	17	25	0
c13	2013	11	13	17	30	0
c13	2013	11	13	17	35	0
c13	2013	11	13	17	40	0
c13	2013	11	13	17	45	0
c13	2013	11	13	17	50	0
c13	2013	11	13	17	55	0
c13	2013	11	13	18	0	0
c13	2013	11	13	18	5	0
c13	2013	11	13	18	10	0
c13	2013	11	13	18	15	0
c13	2013	11	13	18	20	0
c13	2013	11	13	18	25	0
c13	2013	11	13	18	30	0
c13	2013	11	13	18	35	0
c13	2013	11	13	18	40	0
c13	2013	11	13	18	45	0
c13	2013	11	13	18	50	0
c13	2013	11	13	18	55	0
c13	2013	11	13	19	0	0
c13	2013	11	13	19	5	0
c13	2013	11	13	19	10	0
c13	2013	11	13	19	15	0
c13	2013	11	13	19	20	0
c13	2013	11	13	19	25	0
c13	2013	11	13	19	30	0
c13	2013	11	13	19	35	0
c13	2013	11	13	19	40	0
c13	2013	11	13	19	45	0
c13	2013	11	13	19	50	0
c13	2013	11	13	19	55	0
c13	2013	11	13	20	0	0
c13	2013	11	13	20	5	0
c13	2013	11	13	20	10	0
c13	2013	11	13	20	15	0
c13	2013	11	13	20	20	0
c13	2013	11	13	20	25	0
c13	2013	11	13	20	30	0
c13	2013	11	13	20	35	0
c13	2013	11	13	20	40	0
c13	2013	11	13	20	45	0
c13	2013	11	13	20	50	0
c13	2013	11	13	20	55	0
c13	2013	11	13	21	0	0
c13	2013	11	13	21	5	0
c13	2013	11	13	21	10	0
c13	2013	11	13	21	15	0
c13	2013	11	13	21	20	0
c13	2013	11	13	21	25	0
c13	2013	11	13	21	30	0
c13	2013	11	13	21	35	0
c13	2013	11	13	21	40	0
c13	2013	11	13	21	45	0
c13	2013	11	13	21	50	0
c13	2013	11	13	21	55	0
c13	2013	11	13	22	0	0
c13	2013	11	13	22	5	0
c13	2013	11	13	22	10	0
c13	2013	11	13	22	15	0
c13	2013	11	13	22	20	0
c13	2013	11	13	22	25	0
c13	2013	11	13	22	30	0
c13	2013	11	13	22	35	0
c13	2013	11	13	22	40	0
c13	2013	11	13	22	45	0
c13	2013	11	13	22	50	0
c13	2013	11	13	22	55	0
c13	2013	11	13	23	0	0
c13	2013	11	13	23	5	0
c13	2013	11	13	23	10	0
c13	2013	11	13	23	15	0
c13	2013	11	13	23	20	0
c13	2013	11	13	23	25	0
c13	2013	11	13	23	30	0
c13	2013	11	13	23	35	0
c13	2013	11	13	23	40	0
c13	2013	11	13	23	45	0
c13	2013	11	13	23	50	0
c13	2013	11	13	23	55	0
c13	2013	11	14	0	0	0
c13	2013	11	14	0	5	0
c13	2013	11	14	0	10	0
c13	2013	11	14	0	15	0
c13	2013	11	14	0	20	0
c13	2013	11	14	0	25	0
c13	2013	11	14	0	30	0
c13	2013	11	14	0	35	0
c13	2013	11	14	0	40	0
c13	2013	11	14	0	45	0
c13	2013	11	14	0	50	0
c13	2013	11	14	0	55	0
c13	2013	11	14	1	0	0
c13	2013	11	14	1	5	0
c13	2013	11	14	1	10	0
c13	2013	11	14	1	15	0
c13	2013	11	14	1	20	0
c13	2013	11	14	1	25	0
c13	2013	11	14	1	30	0
c13	2013	11	14	1	35	0
c13	2013	11	14	1	40	0
c13	2013	11	14	1	45	0
c13	2013	11	14	1	50	0
c13	2013	11	14	1	55	0
c13	2013	11	14	2	0	0
c13	2013	11	14	2	5	0
c13	2013	11	14	2	10	0
c13	2013	11	14	2	15	0
c13	2013	11	14	2	20	0
c13	2013	11	14	2	25	0
c13	2013	11	14	2	30	0
c13	2013	11	14	2	35	0
c13	2013	11	14	2	40	0
c13	2013	11	14	2	45	0
c13	2013	11	14	2	50	0
c13	2013	11	14	2	55	0
c13	2013	11	14	3	0	0
c13	2013	11	14	3	5	0
c13	2013	11	14	3	10	0
c13	2013	11	14	3	15	0
c13	2013	11	14	3	20	0
c13	2013	11	14	3	25	0
c13	2013	11	14	3	30	0
c13	2013	11	14	3	35	0
c13	2013	11	14	3	40	0
c13	2013	11	14	3	45	0
c13	2013	11	14	3	50	0
c13	2013	11	14	3	55	0
c13	2013	11	14	4	0	0
c13	2013	11	14	4	5	0
c13	2013	11	14	4	10	0
c13	2013	11	14	4	15	0
c13	2013	11	14	4	20	0
c13	2013	11	14	4	25	0
c13	2013	11	14	4	30	0
c13	2013	11	14	4	35	0
c13	2013	11	14	4	40	0
c13	2013	11	14	4	45	0
c13	2013	11	14	4	50	0
c13	2013	11	14	4	55	0
c13	2013	11	14	5	0	0
c13	2013	11	14	5	5	0
c13	2013	11	14	5	10	0
c13	2013	11	14	5	15	0
c13	2013	11	14	5	20	0
c13	2013	11	14	5	25	0
c13	2013	11	14	5	30	0
c13	2013	11	14	5	35	0
c13	2013	11	14	5	40	0
c13	2013	11	14	5	45	0
c13	2013	11	14	5	50	0
c13	2013	11	14	5	55	0
c13	2013	11	14	6	0	0
c13	2013	11	14	6	5	0
c13	2013	11	14	6	10	0
c13	2013	11	14	6	15	0
c13	2013	11	14	6	20	0
c13	2013	11	14	6	25	0
c13	2013	11	14	6	30	0
c13	2013	11	14	6	35	0
c13	2013	11	14	6	40	0
c13	2013	11	14	6	45	0
c13	2013	11	14	6	50	0
c13	2013	11	14	6	55	0
c13	2013	11	14	7	0	0
c13	2013	11	14	7	5	0
c13	2013	11	14	7	10	0
c13	2013	11	14	7	15	0
c13	2013	11	14	7	20	0
c13	2013	11	14	7	25	0
c13	2013	11	14	7	30	0
c13	2013	11	14	7	35	0
c13	2013	11	14	7	40	0
c13	2013	11	14	7	45	0
c13	2013	11	14	7	50	0
c13	2013	11	14	7	55	0
c13	2013	11	14	8	0	0
c13	2013	11	14	8	5	0
c13	2013	11	14	8	10	0
c13	2013	11	14	8	15	0
c13	2013	11	14	8	20	0
c13	2013	11	14	8	25	0
c13	2013	11	14	8	30	0
c13	2013	11	14	8	35	0
c13	2013	11	14	8	40	0
c13	2013	11	14	8	45	0
c13	2013	11	14	8	50	0
c13	2013	11	14	8	55	0
c13	2013	11	14	9	0	0
c13	2013	11	14	9	5	0
c13	2013	11	14	9	10	0
c13	2013	11	14	9	15	0
c13	2013	11	14	9	20	0
c13	2013	11	14	9	25	0
c13	2013	11	14	9	30	0
c13	2013	11	14	9	35	0
c13	2013	11	14	9	40	0
c13	2013	11	14	9	45	0
c13	2013	11	14	9	50	0
c13	2013	11	14	9	55	0
c13	2013	11	14	10	0	0
c13	2013	11	14	10	5	0
c13	2013	11	14	10	10	0
c13	2013	11	14	10	15	0
c13	2013	11	14	10	20	0
c13	2013	11	14	10	25	0
c13	2013	11	14	10	30	0
c13	2013	11	14	10	35	0
c13	2013	11	14	10	40	0
c13	2013	11	14	10	45	0
c13	2013	11	14	10	50	0
c13	2013	11	14	10	55	0
c13	2013	11	14	11	0	0
c13	2013	11	14	11	5	0
c13	2013	11	14	11	10	0
c13	2013	11	14	11	15	0
c13	2013	11	14	11	20	0
c13	2013	11	14	11	25	0
c13	2013	11	14	11	30	0
c13	2013	11	14	11	35	0
c13	2013	11	14	11	40	0
c13	2013	11	14	11	45	0
c13	2013	11	14	11	50	0
c13	2013	11	14	11	55	0
c13	2013	11	14	12	0	0
c13	2013	11	14	12	5	0
c13	2013	11	14	12	10	0
c13	2013	11	14	12	15	0
c13	2013	11	14	12	20	0
c13	2013	11	14	12	25	0
c13	2013	11	14	12	30	0
c13	2013	11	14	12	35	0
c13	2013	11	14	12	40	0
c13	2013	11	14	12	45	0
c13	2013	11	14	12	50	0
c13	2013	11	14	12	55	0
c13	2013	11	14	13	0	0
c13	2013	11	14	13	5	0
c13	2013	11	14	13	10	0
c13	2013	11	14	13	15	0
c13	2013	11	14	13	20	0
c13	2013	11	14	13	25	0
c13	2013	11	14	13	30	0
c13	2013	11	14	13	35	0
c13	2013	11	14	13	40	0
c13	2013	11	14	13	45	0
c13	2013	11	14	13	50	0
c13	2013	11	14	13	55	0
c13	2013	11	14	14	0	0
c13	2013	11	14	14	5	0
c13	2013	11	14	14	10	0
c13	2013	11	14	14	15	0
c13	2013	11	14	14	20	0
c13	2013	11	14	14	25	0
c13	2013	11	14	14	30	0
c13	2013	11	14	14	35	0
c13	2013	11	14	14	40	0
c13	2013	11	14	14	45	0
c13	2013	11	14	14	50	0
c13	2013	11	14	14	55	0
c13	2013	11	14	15	0	0
c13	2013	11	14	15	5	0
c13	2013	11	14	15	10	0
c13	2013	11	14	15	15	0
c13	2013	11	14	15	20	0
c13	2013	11	14	15	25	0
c13	2013	11	14	15	30	0
c13	2013	11	14	15	35	0
c13	2013	11	14	15	40	0
c13	2013	11	14	15	45	0
c13	2013	11	14	15	50	0
c13	2013	11	14	15	55	0
c13	2013	11	14	16	0	0
c13	2013	11	14	16	5	0
c13	2013	11	14	16	10	0
c13	2013	11	14	16	15	0
c13	2013	11	14	16	20	0
c13	2013	11	14	16	25	0
c13	2013	11	14	16	30	0
c13	2013	11	14	16	35	0
c13	2013	11	14	16	40	0
c13	2013	11	14	16	45	0
c13	2013	11	14	16	50	0
c13	2013	11	14	16	55	0
c13	2013	11	14	17	0	0
c13	2013	11	14	17	5	0
c13	2013	11	14	17	10	0
c13	2013	11	14	17	15	0
c13	2013	11	14	17	20	0
c13	2013	11	14	17	25	0
c13	2013	11	14	17	30	0
c13	2013	11	14	17	35	0
c13	2013	11	14	17	40	0
c13	2013	11	14	17	45	0
c13	2013	11	14	17	50	0
c13	2013	11	14	17	55	0
c13	2013	11	14	18	0	0
c13	2013	11	14	18	5	0
c13	2013	11	14	18	10	0
c13	2013	11	14	18	15	0
c13	2013	11	14	18	20	0
c13	2013	11	14	18	25	0
c13	2013	11	14	18	30	0
c13	2013	11	14	18	35	0
c13	2013	11	14	18	40	0
c13	2013	11	14	18	45	0
c13	2013	11	14	18	50	0
c13	2013	11	14	18	55	0
c13	2013	11	14	19	0	0
c13	2013	11	14	19	5	0
c13	2013	11	14	19	10	0
c13	2013	11	14	19	15	0
c13	2013	11	14	19	20	0
c13	2013	11	14	19	25	0
c13	2013	11	14	19	30	0
c13	2013	11	14	19	35	0
c13	2013	11	14	19	40	0
c13	2013	11	14	19	45	0
c13	2013	11	14	19	50	0
c13	2013	11	14	19	55	0
c13	2013	11	14	20	0	0
c13	2013	11	14	20	5	0
c13	2013	11	14	20	10	0
c13	2013	11	14	20	15	0
c13	2013	11	14	20	20	0
c13	2013	11	14	20	25	0
c13	2013	11	14	20	30	0
c13	2013	11	14	20	35	0
c13	2013	11	14	20	40	0
c13	2013	11	14	20	45	0
c13	2013	11	14	20	50	0
c13	2013	11	14	20	55	0
c13	2013	11	14	21	0	0
c13	2013	11	14	21	5	0
c13	2013	11	14	21	10	0
c13	2013	11	14	21	15	0
c13	2013	11	14	21	20	0
c13	2013	11	14	21	25	0
c13	2013	11	14	21	30	0
c13	2013	11	14	21	35	0
c13	2013	11	14	21	40	0
c13	2013	11	14	21	45	0
c13	2013	11	14	21	50	0
c13	2013	11	14	21	55	0
c13	2013	11	14	22	0	0
c13	2013	11	14	22	5	0
c13	2013	11	14	22	10	0
c13	2013	11	14	22	15	0
c13	2013	11	14	22	20	0
c13	2013	11	14	22	25	0
c13	2013	11	14	22	30	0
c13	2013	11	14	22	35	0
c13	2013	11	14	22	40	0
c13	2013	11	14	22	45	0
c13	2013	11	14	22	50	0
c13	2013	11	14	22	55	0
c13	2013	11	14	23	0	0
c13	2013	11	14	23	5	0
c13	2013	11	14	23	10	0
c13	2013	11	14	23	15	0
c13	2013	11	14	23	20	0
c13	2013	11	14	23	25	0
c13	2013	11	14	23	30	0
c13	2013	11	14	23	35	0
c13	2013	11	14	23	40	0
c13	2013	11	14	23	45	0
c13	2013	11	14	23	50	0
c13	2013	11	14	23	55	0
c13	2013	11	15	0	0	0
c13	2013	11	15	0	5	0
c13	2013	11	15	0	10	0
c13	2013	11	15	0	15	0
c13	2013	11	15	0	20	0
c13	2013	11	15	0	25	0
c13	2013	11	15	0	30	0
c13	2013	11	15	0	35	0
c13	2013	11	15	0	40	0
c13	2013	11	15	0	45	0
c13	2013	11	15	0	50	0
c13	2013	11	15	0	55	0
c13	2013	11	15	1	0	0
c13	2013	11	15	1	5	0
c13	2013	11	15	1	10	0
c13	2013	11	15	1	15	0
c13	2013	11	15	1	20	0
c13	2013	11	15	1	25	0
c13	2013	11	15	1	30	0
c13	2013	11	15	1	35	0
c13	2013	11	15	1	40	0
c13	2013	11	15	1	45	0
c13	2013	11	15	1	50	0
c13	2013	11	15	1	55	0
c13	2013	11	15	2	0	0
c13	2013	11	15	2	5	0
c13	2013	11	15	2	10	0
c13	2013	11	15	2	15	0
c13	2013	11	15	2	20	0
c13	2013	11	15	2	25	0
c13	2013	11	15	2	30	0
c13	2013	11	15	2	35	0
c13	2013	11	15	2	40	0
c13	2013	11	15	2	45	0
c13	2013	11	15	2	50	0
c13	2013	11	15	2	55	0
c13	2013	11	15	3	0	0
c13	2013	11	15	3	5	0
c13	2013	11	15	3	10	0
c13	2013	11	15	3	15	0
c13	2013	11	15	3	20	0
c13	2013	11	15	3	25	0
c13	2013	11	15	3	30	0
c13	2013	11	15	3	35	0
c13	2013	11	15	3	40	0
c13	2013	11	15	3	45	0
c13	2013	11	15	3	50	0
c13	2013	11	15	3	55	0
c13	2013	11	15	4	0	0
c13	2013	11	15	4	5	0
c13	2013	11	15	4	10	0
c13	2013	11	15	4	15	0
c13	2013	11	15	4	20	0
c13	2013	11	15	4	25	0
c13	2013	11	15	4	30	0
c13	2013	11	15	4	35	0
c13	2013	11	15	4	40	0
c13	2013	11	15	4	45	0
c13	2013	11	15	4	50	0
c13	2013	11	15	4	55	0
c13	2013	11	15	5	0	0
c13	2013	11	15	5	5	0
c13	2013	11	15	5	10	0
c13	2013	11	15	5	15	0
c13	2013	11	15	5	20	0
c13	2013	11	15	5	25	0
c13	2013	11	15	5	30	0
c13	2013	11	15	5	35	0
c13	2013	11	15	5	40	0
c13	2013	11	15	5	45	0
c13	2013	11	15	5	50	0
c13	2013	11	15	5	55	0
c13	2013	11	15	6	0	0
c13	2013	11	15	6	5	0
c13	2013	11	15	6	10	0
c13	2013	11	15	6	15	0
c13	2013	11	15	6	20	0
c13	2013	11	15	6	25	0
c13	2013	11	15	6	30	0
c13	2013	11	15	6	35	0
c13	2013	11	15	6	40	0
c13	2013	11	15	6	45	0
c13	2013	11	15	6	50	0
c13	2013	11	15	6	55	0
c13	2013	11	15	7	0	0
c13	2013	11	15	7	5	0
c13	2013	11	15	7	10	0
c13	2013	11	15	7	15	0
c13	2013	11	15	7	20	0
c13	2013	11	15	7	25	0
c13	2013	11	15	7	30	0
c13	2013	11	15	7	35	0
c13	2013	11	15	7	40	0
c13	2013	11	15	7	45	0
c13	2013	11	15	7	50	0
c13	2013	11	15	7	55	0
c13	2013	11	15	8	0	0
c13	2013	11	15	8	5	0
c13	2013	11	15	8	10	0
c13	2013	11	15	8	15	0
c13	2013	11	15	8	20	0
c13	2013	11	15	8	25	0
c13	2013	11	15	8	30	0
c13	2013	11	15	8	35	0
c13	2013	11	15	8	40	0
c13	2013	11	15	8	45	0
c13	2013	11	15	8	50	0
c13	2013	11	15	8	55	0
c13	2013	11	15	9	0	0
c13	2013	11	15	9	5	0
c13	2013	11	15	9	10	0
c13	2013	11	15	9	15	0
c13	2013	11	15	9	20	0
c13	2013	11	15	9	25	0
c13	2013	11	15	9	30	0
c13	2013	11	15	9	35	0
c13	2013	11	15	9	40	0
c13	2013	11	15	9	45	0
c13	2013	11	15	9	50	0
c13	2013	11	15	9	55	0
c13	2013	11	15	10	0	0
c13	2013	11	15	10	5	0
c13	2013	11	15	10	10	0
c13	2013	11	15	10	15	0
c13	2013	11	15	10	20	0
c13	2013	11	15	10	25	0
c13	2013	11	15	10	30	0
c13	2013	11	15	10	35	0
c13	2013	11	15	10	40	0
c13	2013	11	15	10	45	0
c13	2013	11	15	10	50	0
c13	2013	11	15	10	55	0
c13	2013	11	15	11	0	0
c13	2013	11	15	11	5	0
c13	2013	11	15	11	10	0
c13	2013	11	15	11	15	0
c13	2013	11	15	11	20	0
c13	2013	11	15	11	25	0
c13	2013	11	15	11	30	0
c13	2013	11	15	11	35	0
c13	2013	11	15	11	40	0
c13	2013	11	15	11	45	0
c13	2013	11	15	11	50	0
c13	2013	11	15	11	55	0
c13	2013	11	15	12	0	0
c13	2013	11	15	12	5	0
c13	2013	11	15	12	10	0
c13	2013	11	15	12	15	0
c13	2013	11	15	12	20	0
c13	2013	11	15	12	25	0
c13	2013	11	15	12	30	0
c13	2013	11	15	12	35	0
c13	2013	11	15	12	40	0
c13	2013	11	15	12	45	0
c13	2013	11	15	12	50	0
c13	2013	11	15	12	55	0
c13	2013	11	15	13	0	0
c13	2013	11	15	13	5	0
c13	2013	11	15	13	10	0
c13	2013	11	15	13	15	0
c13	2013	11	15	13	20	0
c13	2013	11	15	13	25	0
c13	2013	11	15	13	30	0
c13	2013	11	15	13	35	0
c13	2013	11	15	13	40	0
c13	2013	11	15	13	45	0
c13	2013	11	15	13	50	0
c13	2013	11	15	13	55	0
c13	2013	11	15	14	0	0
c13	2013	11	15	14	5	0
c13	2013	11	15	14	10	0
c13	2013	11	15	14	15	0
c13	2013	11	15	14	20	0
c13	2013	11	15	14	25	0
c13	2013	11	15	14	30	0
c13	2013	11	15	14	35	0
c13	2013	11	15	14	40	0
c13	2013	11	15	14	45	0
c13	2013	11	15	14	50	0
c13	2013	11	15	14	55	0
c13	2013	11	15	15	0	0
c13	2013	11	15	15	5	0
c13	2013	11	15	15	10	0
c13	2013	11	15	15	15	0
c13	2013	11	15	15	20	0
c13	2013	11	15	15	25	0
c13	2013	11	15	15	30	0
c13	2013	11	15	15	35	0
c13	2013	11	15	15	40	0
c13	2013	11	15	15	45	0
c13	2013	11	15	15	50	0
c13	2013	11	15	15	55	0
c13	2013	11	15	16	0	0
c13	2013	11	15	16	5	0
c13	2013	11	15	16	10	0
c13	2013	11	15	16	15	0
c13	2013	11	15	16	20	0
c13	2013	11	15	16	25	0
c13	2013	11	15	16	30	0
c13	2013	11	15	16	35	0
c13	2013	11	15	16	40	0
c13	2013	11	15	16	45	0
c13	2013	11	15	16	50	0
c13	2013	11	15	16	55	0
c13	2013	11	15	17	0	0
c13	2013	11	15	17	5	0
c13	2013	11	15	17	10	0
c13	2013	11	15	17	15	0
c13	2013	11	15	17	20	0
c13	2013	11	15	17	25	0
c13	2013	11	15	17	30	0
c13	2013	11	15	17	35	0
c13	2013	11	15	17	40	0
c13	2013	11	15	17	45	0
c13	2013	11	15	17	50	0
c13	2013	11	15	17	55	0
c13	2013	11	15	18	0	0
c13	2013	11	15	18	5	0
c13	2013	11	15	18	10	0
c13	2013	11	15	18	15	0
c13	2013	11	15	18	20	0
c13	2013	11	15	18	25	0
c13	2013	11	15	18	30	0
c13	2013	11	15	18	35	0
c13	2013	11	15	18	40	0
c13	2013	11	15	18	45	0
c13	2013	11	15	18	50	0
c13	2013	11	15	18	55	0
c13	2013	11	15	19	0	0
c13	2013	11	15	19	5	0
c13	2013	11	15	19	10	0
c13	2013	11	15	19	15	0
c13	2013	11	15	19	20	0
c13	2013	11	15	19	25	0
c13	2013	11	15	19	30	0
c13	2013	11	15	19	35	0
c13	2013	11	15	19	40	0
c13	2013	11	15	19	45	0
c13	2013	11	15	19	50	0
c13	2013	11	15	19	55	0
c13	2013	11	15	20	0	0
c13	2013	11	15	20	5	0
c13	2013	11	15	20	10	0
c13	2013	11	15	20	15	0
c13	2013	11	15	20	20	0
c13	2013	11	15	20	25	0
c13	2013	11	15	20	30	0
c13	2013	11	15	20	35	0
c13	2013	11	15	20	40	0
c13	2013	11	15	20	45	0
c13	2013	11	15	20	50	0
c13	2013	11	15	20	55	0
c13	2013	11	15	21	0	0
c13	2013	11	15	21	5	0
c13	2013	11	15	21	10	0
c13	2013	11	15	21	15	0
c13	2013	11	15	21	20	0
c13	2013	11	15	21	25	0
c13	2013	11	15	21	30	0
c13	2013	11	15	21	35	0
c13	2013	11	15	21	40	0
c13	2013	11	15	21	45	0
c13	2013	11	15	21	50	0
c13	2013	11	15	21	55	0
c13	2013	11	15	22	0	0
c13	2013	11	15	22	5	0
c13	2013	11	15	22	10	0
c13	2013	11	15	22	15	0
c13	2013	11	15	22	20	0
c13	2013	11	15	22	25	0
c13	2013	11	15	22	30	0
c13	2013	11	15	22	35	0
c13	2013	11	15	22	40	0
c13	2013	11	15	22	45	0
c13	2013	11	15	22	50	0
c13	2013	11	15	22	55	0
c13	2013	11	15	23	0	0
c13	2013	11	15	23	5	0
c13	2013	11	15	23	10	0
c13	2013	11	15	23	15	0
c13	2013	11	15	23	20	0
c13	2013	11	15	23	25	0
c13	2013	11	15	23	30	0
c13	2013	11	15	23	35	0
c13	2013	11	15	23	40	0
c13	2013	11	15	23	45	0
c13	2013	11	15	23	50	0
c13	2013	11	15	23	55	0
c13	2013	11	16	0	0	0
c13	2013	11	16	0	5	0
c13	2013	11	16	0	10	0
c13	2013	11	16	0	15	0
c13	2013	11	16	0	20	0
c13	2013	11	16	0	25	0
c13	2013	11	16	0	30	0
c13	2013	11	16	0	35	0
c13	2013	11	16	0	40	0
c13	2013	11	16	0	45	0
c13	2013	11	16	0	50	0
c13	2013	11	16	0	55	0
c13	2013	11	16	1	0	0
c13	2013	11	16	1	5	0
c13	2013	11	16	1	10	0
c13	2013	11	16	1	15	0
c13	2013	11	16	1	20	0
c13	2013	11	16	1	25	0
c13	2013	11	16	1	30	0
c13	2013	11	16	1	35	0
c13	2013	11	16	1	40	0
c13	2013	11	16	1	45	0
c13	2013	11	16	1	50	0
c13	2013	11	16	1	55	0
c13	2013	11	16	2	0	0
c13	2013	11	16	2	5	0
c13	2013	11	16	2	10	0
c13	2013	11	16	2	15	0
c13	2013	11	16	2	20	0
c13	2013	11	16	2	25	0
c13	2013	11	16	2	30	0
c13	2013	11	16	2	35	0
c13	2013	11	16	2	40	0
c13	2013	11	16	2	45	0
c13	2013	11	16	2	50	0
c13	2013	11	16	2	55	0
c13	2013	11	16	3	0	0
c13	2013	11	16	3	5	0
c13	2013	11	16	3	10	0
c13	2013	11	16	3	15	0
c13	2013	11	16	3	20	0
c13	2013	11	16	3	25	0
c13	2013	11	16	3	30	0
c13	2013	11	16	3	35	0
c13	2013	11	16	3	40	0
c13	2013	11	16	3	45	0
c13	2013	11	16	3	50	0
c13	2013	11	16	3	55	0
c13	2013	11	16	4	0	0
c13	2013	11	16	4	5	0
c13	2013	11	16	4	10	0
c13	2013	11	16	4	15	0
c13	2013	11	16	4	20	0
c13	2013	11	16	4	25	0
c13	2013	11	16	4	30	0
c13	2013	11	16	4	35	0
c13	2013	11	16	4	40	0
c13	2013	11	16	4	45	0
c13	2013	11	16	4	50	0
c13	2013	11	16	4	55	0
c13	2013	11	16	5	0	0
c13	2013	11	16	5	5	0
c13	2013	11	16	5	10	0
c13	2013	11	16	5	15	0
c13	2013	11	16	5	20	0
c13	2013	11	16	5	25	0
c13	2013	11	16	5	30	0
c13	2013	11	16	5	35	0
c13	2013	11	16	5	40	0
c13	2013	11	16	5	45	0
c13	2013	11	16	5	50	0
c13	2013	11	16	5	55	0
c13	2013	11	16	6	0	0
c13	2013	11	16	6	5	0
c13	2013	11	16	6	10	0
c13	2013	11	16	6	15	0
c13	2013	11	16	6	20	0
c13	2013	11	16	6	25	0
c13	2013	11	16	6	30	0
c13	2013	11	16	6	35	0
c13	2013	11	16	6	40	0
c13	2013	11	16	6	45	0
c13	2013	11	16	6	50	0
c13	2013	11	16	6	55	0
c13	2013	11	16	7	0	0
c13	2013	11	16	7	5	0
c13	2013	11	16	7	10	0
c13	2013	11	16	7	15	0
c13	2013	11	16	7	20	0
c13	2013	11	16	7	25	0
c13	2013	11	16	7	30	0
c13	2013	11	16	7	35	0
c13	2013	11	16	7	40	0
c13	2013	11	16	7	45	0
c13	2013	11	16	7	50	0
c13	2013	11	16	7	55	0
c13	2013	11	16	8	0	0
c13	2013	11	16	8	5	0
c13	2013	11	16	8	10	0
c13	2013	11	16	8	15	0
c13	2013	11	16	8	20	0
c13	2013	11	16	8	25	0
c13	2013	11	16	8	30	0
c13	2013	11	16	8	35	0
c13	2013	11	16	8	40	0
c13	2013	11	16	8	45	0
c13	2013	11	16	8	50	0
c13	2013	11	16	8	55	0
c13	2013	11	16	9	0	0
c13	2013	11	16	9	5	0
c13	2013	11	16	9	10	0
c13	2013	11	16	9	15	0
c13	2013	11	16	9	20	0
c13	2013	11	16	9	25	0
c13	2013	11	16	9	30	0
c13	2013	11	16	9	35	0
c13	2013	11	16	9	40	0
c13	2013	11	16	9	45	0
c13	2013	11	16	9	50	0
c13	2013	11	16	9	55	0
c13	2013	11	16	10	0	0
c13	2013	11	16	10	5	0
c13	2013	11	16	10	10	0
c13	2013	11	16	10	15	0
c13	2013	11	16	10	20	0
c13	2013	11	16	10	25	0
c13	2013	11	16	10	30	0
c13	2013	11	16	10	35	0
c13	2013	11	16	10	40	0
c13	2013	11	16	10	45	0
c13	2013	11	16	10	50	0
c13	2013	11	16	10	55	0
c13	2013	11	16	11	0	0
c13	2013	11	16	11	5	0
c13	2013	11	16	11	10	0
c13	2013	11	16	11	15	0
c13	2013	11	16	11	20	0
c13	2013	11	16	11	25	0
c13	2013	11	16	11	30	0
c13	2013	11	16	11	35	0
c13	2013	11	16	11	40	0
c13	2013	11	16	11	45	0
c13	2013	11	16	11	50	0
c13	2013	11	16	11	55	0
c13	2013	11	16	12	0	0
c13	2013	11	16	12	5	0
c13	2013	11	16	12	10	0
c13	2013	11	16	12	15	0
c13	2013	11	16	12	20	0
c13	2013	11	16	12	25	0
c13	2013	11	16	12	30	0
c13	2013	11	16	12	35	0
c13	2013	11	16	12	40	0
c13	2013	11	16	12	45	0
c13	2013	11	16	12	50	0
c13	2013	11	16	12	55	0
c13	2013	11	16	13	0	0
c13	2013	11	16	13	5	0
c13	2013	11	16	13	10	0
c13	2013	11	16	13	15	0
c13	2013	11	16	13	20	0
c13	2013	11	16	13	25	0
c13	2013	11	16	13	30	0
c13	2013	11	16	13	35	0
c13	2013	11	16	13	40	0
c13	2013	11	16	13	45	0
c13	2013	11	16	13	50	0
c13	2013	11	16	13	55	0
c13	2013	11	16	14	0	0
c13	2013	11	16	14	5	0
c13	2013	11	16	14	10	0
c13	2013	11	16	14	15	0
c13	2013	11	16	14	20	0
c13	2013	11	16	14	25	0
c13	2013	11	16	14	30	0
c13	2013	11	16	14	35	0
c13	2013	11	16	14	40	0
c13	2013	11	16	14	45	0
c13	2013	11	16	14	50	0
c13	2013	11	16	14	55	0
c13	2013	11	16	15	0	0
c13	2013	11	16	15	5	0
c13	2013	11	16	15	10	0
c13	2013	11	16	15	15	0
c13	2013	11	16	15	20	0
c13	2013	11	16	15	25	0
c13	2013	11	16	15	30	0
c13	2013	11	16	15	35	0
c13	2013	11	16	15	40	0
c13	2013	11	16	15	45	0
c13	2013	11	16	15	50	0
c13	2013	11	16	15	55	0
c13	2013	11	16	16	0	0
c13	2013	11	16	16	5	0.005293
c13	2013	11	16	16	10	0
c13	2013	11	16	16	15	0
c13	2013	11	16	16	20	0
c13	2013	11	16	16	25	0
c13	2013	11	16	16	30	0
c13	2013	11	16	16	35	0
c13	2013	11	16	16	40	0.005293
c13	2013	11	16	16	45	0
c13	2013	11	16	16	50	0.037911
c13	2013	11	16	16	55	0.311509
c13	2013	11	16	17	0	0.30785
c13	2013	11	16	17	5	0.46277
c13	2013	11	16	17	10	0.697892
c13	2013	11	16	17	15	0.868152
c13	2013	11	16	17	20	0.38283
c13	2013	11	16	17	25	0.106256
c13	2013	11	16	17	30	0.472221
c13	2013	11	16	17	35	0.414231
c13	2013	11	16	17	40	0.090039
c13	2013	11	16	17	45	0.072193
c13	2013	11	16	17	50	0.061606
c13	2013	11	16	17	55	0.020079
c13	2013	11	16	18	0	0
c13	2013	11	16	18	5	0
c13	2013	11	16	18	10	0
c13	2013	11	16	18	15	0
c13	2013	11	16	18	20	0
c13	2013	11	16	18	25	0
c13	2013	11	16	18	30	0
c13	2013	11	16	18	35	0
c13	2013	11	16	18	40	0
c13	2013	11	16	18	45	0
c13	2013	11	16	18	50	0
c13	2013	11	16	18	55	0
c13	2013	11	16	19	0	0
c13	2013	11	16	19	5	0
c13	2013	11	16	19	10	0
c13	2013	11	16	19	15	0
c13	2013	11	16	19	20	0
c13	2013	11	16	19	25	0.005293
c13	2013	11	16	19	30	0
c13	2013	11	16	19	35	0
c13	2013	11	16	19	40	0
c13	2013	11	16	19	45	0
c13	2013	11	16	19	50	0
c13	2013	11	16	19	55	0
c13	2013	11	16	20	0	0
c13	2013	11	16	20	5	0
c13	2013	11	16	20	10	0
c13	2013	11	16	20	15	0
c13	2013	11	16	20	20	0
c13	2013	11	16	20	25	0
c13	2013	11	16	20	30	0
c13	2013	11	16	20	35	0
c13	2013	11	16	20	40	0
c13	2013	11	16	20	45	0
c13	2013	11	16	20	50	0
c13	2013	11	16	20	55	0
c13	2013	11	16	21	0	0
c13	2013	11	16	21	5	0
c13	2013	11	16	21	10	0
c13	2013	11	16	21	15	0
c13	2013	11	16	21	20	0
c13	2013	11	16	21	25	0
c13	2013	11	16	21	30	0
c13	2013	11	16	21	35	0
c13	2013	11	16	21	40	0
c13	2013	11	16	21	45	0
c13	2013	11	16	21	50	0
c13	2013	11	16	21	55	0
c13	2013	11	16	22	0	0
c13	2013	11	16	22	5	0
c13	2013	11	16	22	10	0
c13	2013	11	16	22	15	0
c13	2013	11	16	22	20	0
c13	2013	11	16	22	25	0
c13	2013	11	16	22	30	0
c13	2013	11	16	22	35	0
c13	2013	11	16	22	40	0
c13	2013	11	16	22	45	0
c13	2013	11	16	22	50	0
c13	2013	11	16	22	55	0
c13	2013	11	16	23	0	0
c13	2013	11	16	23	5	0
c13	2013	11	16	23	10	0
c13	2013	11	16	23	15	0
c13	2013	11	16	23	20	0
c13	2013	11	16	23	25	0
c13	2013	11	16	23	30	0
c13	2013	11	16	23	35	0
c13	2013	11	16	23	40	0
c13	2013	11	16	23	45	0
c13	2013	11	16	23	50	0
c13	2013	11	16	23	55	0
